  -1.8000000e+02  -5.7437254e+01  -5.4203223e+01
  -1.7900000e+02  -5.7537467e+01  -5.3333630e+01
  -1.7800000e+02  -5.7812263e+01  -5.1006992e+01
  -1.7700000e+02  -5.8274368e+01  -4.9096821e+01
  -1.7600000e+02  -5.8933934e+01  -4.5798444e+01
  -1.7500000e+02  -5.9683797e+01  -4.0928641e+01
  -1.7400000e+02  -6.0567112e+01  -3.4521765e+01
  -1.7300000e+02  -6.1528599e+01  -2.7335431e+01
  -1.7200000e+02  -6.2324176e+01  -1.8443126e+01
  -1.7100000e+02  -6.2884575e+01  -8.1127839e+00
  -1.7000000e+02  -6.3175749e+01   3.1806061e+00
  -1.6900000e+02  -6.3335223e+01   1.2773624e+01
  -1.6800000e+02  -6.3556935e+01   2.1068390e+01
  -1.6700000e+02  -6.3723727e+01   2.8120244e+01
  -1.6600000e+02  -6.4268129e+01   3.4228535e+01
  -1.6500000e+02  -6.5084024e+01   3.9560684e+01
  -1.6400000e+02  -6.6205744e+01   4.6718353e+01
  -1.6300000e+02  -6.7879433e+01   5.8415927e+01
  -1.6200000e+02  -6.9712913e+01   7.2031306e+01
  -1.6100000e+02  -7.0730543e+01   9.4357049e+01
  -1.6000000e+02  -7.0950734e+01   1.2177964e+02
  -1.5900000e+02  -6.9241606e+01   1.3730049e+02
  -1.5800000e+02  -6.7444996e+01   1.4959220e+02
  -1.5700000e+02  -6.6168464e+01   1.5626148e+02
  -1.5600000e+02  -6.5072105e+01   1.5982100e+02
  -1.5500000e+02  -6.4413935e+01   1.6244359e+02
  -1.5400000e+02  -6.3780732e+01   1.6613671e+02
  -1.5300000e+02  -6.3475421e+01   1.6980520e+02
  -1.5200000e+02  -6.3004913e+01   1.7500121e+02
  -1.5100000e+02  -6.2513851e+01  -1.7868894e+02
  -1.5000000e+02  -6.1768843e+01  -1.7216780e+02
  -1.4900000e+02  -6.1079463e+01  -1.6690079e+02
  -1.4800000e+02  -6.0251685e+01  -1.6217628e+02
  -1.4700000e+02  -5.9604675e+01  -1.5962237e+02
  -1.4600000e+02  -5.9007729e+01  -1.5869238e+02
  -1.4500000e+02  -5.8555650e+01  -1.5768461e+02
  -1.4400000e+02  -5.8273719e+01  -1.5811596e+02
  -1.4300000e+02  -5.7948240e+01  -1.5839415e+02
  -1.4200000e+02  -5.7830173e+01  -1.5901613e+02
  -1.4100000e+02  -5.7850534e+01  -1.5979813e+02
  -1.4000000e+02  -5.7969442e+01  -1.5992492e+02
  -1.3900000e+02  -5.8119771e+01  -1.6055479e+02
  -1.3800000e+02  -5.8325778e+01  -1.6084561e+02
  -1.3700000e+02  -5.8787774e+01  -1.6192761e+02
  -1.3600000e+02  -5.9416182e+01  -1.6343046e+02
  -1.3500000e+02  -6.0294644e+01  -1.6366352e+02
  -1.3400000e+02  -6.1312544e+01  -1.6441147e+02
  -1.3300000e+02  -6.2824944e+01  -1.6523149e+02
  -1.3200000e+02  -6.4780947e+01  -1.6551344e+02
  -1.3100000e+02  -6.6897686e+01  -1.6108539e+02
  -1.3000000e+02  -6.9577753e+01  -1.5137774e+02
  -1.2900000e+02  -7.2942358e+01  -1.2768150e+02
  -1.2800000e+02  -7.3671773e+01  -9.2602224e+01
  -1.2700000e+02  -7.1504831e+01  -6.7074923e+01
  -1.2600000e+02  -6.9801660e+01  -5.1905584e+01
  -1.2500000e+02  -6.8537294e+01  -4.4989287e+01
  -1.2400000e+02  -6.7881876e+01  -3.9824011e+01
  -1.2300000e+02  -6.7973666e+01  -3.1662226e+01
  -1.2200000e+02  -6.7792249e+01  -2.2178064e+01
  -1.2100000e+02  -6.7175061e+01  -9.9081304e+00
  -1.2000000e+02  -6.6453085e+01  -1.5933719e+00
  -1.1900000e+02  -6.5911312e+01   2.5370892e+00
  -1.1800000e+02  -6.5507563e+01   4.2756439e+00
  -1.1700000e+02  -6.5857918e+01   4.6729886e+00
  -1.1600000e+02  -6.6530261e+01   3.9664652e+00
  -1.1500000e+02  -6.7812966e+01   2.7754732e+00
  -1.1400000e+02  -6.9890501e+01   5.4836622e+00
  -1.1300000e+02  -7.2840387e+01   9.1496315e+00
  -1.1200000e+02  -7.6791010e+01   2.5697664e+01
  -1.1100000e+02  -8.1057159e+01   6.9165080e+01
  -1.1000000e+02  -7.8194709e+01   1.2829047e+02
  -1.0900000e+02  -7.2777396e+01   1.5015657e+02
  -1.0800000e+02  -6.8965952e+01   1.5950157e+02
  -1.0700000e+02  -6.5838603e+01   1.6319113e+02
  -1.0600000e+02  -6.3257573e+01   1.6333720e+02
  -1.0500000e+02  -6.1351439e+01   1.6378334e+02
  -1.0400000e+02  -6.0052679e+01   1.6194977e+02
  -1.0300000e+02  -5.9221378e+01   1.5874692e+02
  -1.0200000e+02  -5.8939901e+01   1.5416185e+02
  -1.0100000e+02  -5.8735137e+01   1.4953962e+02
  -1.0000000e+02  -5.8899434e+01   1.4559520e+02
  -9.9000000e+01  -5.9382884e+01   1.4077516e+02
  -9.8000000e+01  -6.0208762e+01   1.3704292e+02
  -9.7000000e+01  -6.1579724e+01   1.3484949e+02
  -9.6000000e+01  -6.3724056e+01   1.3012734e+02
  -9.5000000e+01  -6.7241819e+01   1.2353338e+02
  -9.4000000e+01  -7.3783768e+01   1.0382485e+02
  -9.3000000e+01  -7.6679758e+01  -7.1858130e+00
  -9.2000000e+01  -6.7780795e+01  -4.1556694e+01
  -9.1000000e+01  -6.2952194e+01  -5.2639326e+01
  -9.0000000e+01  -5.9697309e+01  -6.1218638e+01
  -8.9000000e+01  -5.7382144e+01  -6.8629416e+01
  -8.8000000e+01  -5.5568017e+01  -7.4669458e+01
  -8.7000000e+01  -5.4299934e+01  -8.1352735e+01
  -8.6000000e+01  -5.3448927e+01  -8.8504508e+01
  -8.5000000e+01  -5.2930076e+01  -9.5707900e+01
  -8.4000000e+01  -5.2770994e+01  -1.0337423e+02
  -8.3000000e+01  -5.2852933e+01  -1.1127973e+02
  -8.2000000e+01  -5.3268250e+01  -1.1888581e+02
  -8.1000000e+01  -5.4043071e+01  -1.2656460e+02
  -8.0000000e+01  -5.5308007e+01  -1.3426505e+02
  -7.9000000e+01  -5.7204750e+01  -1.4298363e+02
  -7.8000000e+01  -5.9962797e+01  -1.5395164e+02
  -7.7000000e+01  -6.4632667e+01  -1.7127891e+02
  -7.6000000e+01  -7.1805260e+01   1.3527338e+02
  -7.5000000e+01  -6.6874395e+01   5.1324514e+01
  -7.4000000e+01  -6.1249790e+01   2.9202353e+01
  -7.3000000e+01  -5.7777021e+01   1.6972404e+01
  -7.2000000e+01  -5.5509740e+01   8.0618803e+00
  -7.1000000e+01  -5.3909725e+01   8.0800245e-01
  -7.0000000e+01  -5.2687706e+01  -5.5125157e+00
  -6.9000000e+01  -5.1914390e+01  -1.1234590e+01
  -6.8000000e+01  -5.1399446e+01  -1.6061898e+01
  -6.7000000e+01  -5.1012489e+01  -2.0494173e+01
  -6.6000000e+01  -5.0753563e+01  -2.4390889e+01
  -6.5000000e+01  -5.0535785e+01  -2.6859612e+01
  -6.4000000e+01  -5.0289203e+01  -2.8869330e+01
  -6.3000000e+01  -5.0112549e+01  -3.0375681e+01
  -6.2000000e+01  -4.9814504e+01  -3.1718870e+01
  -6.1000000e+01  -4.9485936e+01  -3.3168465e+01
  -6.0000000e+01  -4.9200663e+01  -3.4789502e+01
  -5.9000000e+01  -4.8900017e+01  -3.7107857e+01
  -5.8000000e+01  -4.8657700e+01  -3.9020657e+01
  -5.7000000e+01  -4.8491304e+01  -4.0208114e+01
  -5.6000000e+01  -4.8377329e+01  -4.2077705e+01
  -5.5000000e+01  -4.8371159e+01  -4.3447757e+01
  -5.4000000e+01  -4.8426269e+01  -4.4202031e+01
  -5.3000000e+01  -4.8534723e+01  -4.3648334e+01
  -5.2000000e+01  -4.8605509e+01  -4.1878686e+01
  -5.1000000e+01  -4.8745163e+01  -3.8715687e+01
  -5.0000000e+01  -4.8803693e+01  -3.3902533e+01
  -4.9000000e+01  -4.8630957e+01  -2.8477650e+01
  -4.8000000e+01  -4.8227261e+01  -2.2593111e+01
  -4.7000000e+01  -4.7510412e+01  -1.6532364e+01
  -4.6000000e+01  -4.6620985e+01  -1.1972312e+01
  -4.5000000e+01  -4.5617152e+01  -7.7046584e+00
  -4.4000000e+01  -4.4588416e+01  -5.5097194e+00
  -4.3000000e+01  -4.3609077e+01  -4.3178182e+00
  -4.2000000e+01  -4.2698761e+01  -3.6149930e+00
  -4.1000000e+01  -4.1851820e+01  -3.8352136e+00
  -4.0000000e+01  -4.1072167e+01  -4.1884551e+00
  -3.9000000e+01  -4.0360527e+01  -5.3711297e+00
  -3.8000000e+01  -3.9732884e+01  -6.2842006e+00
  -3.7000000e+01  -3.9169004e+01  -7.7941934e+00
  -3.6000000e+01  -3.8651734e+01  -9.6720760e+00
  -3.5000000e+01  -3.8175094e+01  -1.0888500e+01
  -3.4000000e+01  -3.7728773e+01  -1.2818340e+01
  -3.3000000e+01  -3.7322395e+01  -1.4271273e+01
  -3.2000000e+01  -3.6928203e+01  -1.5966995e+01
  -3.1000000e+01  -3.6538283e+01  -1.7914474e+01
  -3.0000000e+01  -3.6141040e+01  -1.9708145e+01
  -2.9000000e+01  -3.5769319e+01  -2.1752579e+01
  -2.8000000e+01  -3.5385793e+01  -2.3556563e+01
  -2.7000000e+01  -3.4993019e+01  -2.5393410e+01
  -2.6000000e+01  -3.4591015e+01  -2.7336606e+01
  -2.5000000e+01  -3.4180818e+01  -2.8995649e+01
  -2.4000000e+01  -3.3755999e+01  -3.0801869e+01
  -2.3000000e+01  -3.3308322e+01  -3.2407516e+01
  -2.2000000e+01  -3.2854709e+01  -3.3989254e+01
  -2.1000000e+01  -3.2387704e+01  -3.5301803e+01
  -2.0000000e+01  -3.1923432e+01  -3.6432129e+01
  -1.9000000e+01  -3.1458644e+01  -3.7713045e+01
  -1.8000000e+01  -3.1007246e+01  -3.8721339e+01
  -1.7000000e+01  -3.0553331e+01  -3.9638546e+01
  -1.6000000e+01  -3.0118915e+01  -4.0627008e+01
  -1.5000000e+01  -2.9698027e+01  -4.1288360e+01
  -1.4000000e+01  -2.9293330e+01  -4.2022144e+01
  -1.3000000e+01  -2.8922714e+01  -4.2778372e+01
  -1.2000000e+01  -2.8562518e+01  -4.3320871e+01
  -1.1000000e+01  -2.8236055e+01  -4.3827713e+01
  -1.0000000e+01  -2.7935942e+01  -4.4274005e+01
  -9.0000000e+00  -2.7676022e+01  -4.4740706e+01
  -8.0000000e+00  -2.7441315e+01  -4.5080699e+01
  -7.0000000e+00  -2.7229328e+01  -4.5380245e+01
  -6.0000000e+00  -2.7063215e+01  -4.5727144e+01
  -5.0000000e+00  -2.6934447e+01  -4.5941922e+01
  -4.0000000e+00  -2.6826074e+01  -4.6158937e+01
  -3.0000000e+00  -2.6762714e+01  -4.6311553e+01
  -2.0000000e+00  -2.6724738e+01  -4.6371635e+01
  -1.0000000e+00  -2.6724726e+01  -4.6406495e+01
   0.0000000e+00  -2.6759745e+01  -4.6422847e+01
   1.0000000e+00  -2.6822961e+01  -4.6395860e+01
   2.0000000e+00  -2.6929838e+01  -4.6268061e+01
   3.0000000e+00  -2.7067803e+01  -4.6157351e+01
   4.0000000e+00  -2.7230321e+01  -4.5936311e+01
   5.0000000e+00  -2.7441019e+01  -4.5676116e+01
   6.0000000e+00  -2.7670307e+01  -4.5401773e+01
   7.0000000e+00  -2.7936317e+01  -4.5013673e+01
   8.0000000e+00  -2.8240089e+01  -4.4631025e+01
   9.0000000e+00  -2.8552773e+01  -4.4178576e+01
   1.0000000e+01  -2.8918322e+01  -4.3692310e+01
   1.1000000e+01  -2.9288312e+01  -4.3108326e+01
   1.2000000e+01  -2.9692627e+01  -4.2514736e+01
   1.3000000e+01  -3.0107361e+01  -4.1769693e+01
   1.4000000e+01  -3.0535345e+01  -4.0917235e+01
   1.5000000e+01  -3.0991809e+01  -3.9994789e+01
   1.6000000e+01  -3.1444721e+01  -3.8973299e+01
   1.7000000e+01  -3.1903056e+01  -3.7795369e+01
   1.8000000e+01  -3.2381525e+01  -3.6638198e+01
   1.9000000e+01  -3.2842331e+01  -3.5361978e+01
   2.0000000e+01  -3.3311313e+01  -3.3990562e+01
   2.1000000e+01  -3.3755191e+01  -3.2437804e+01
   2.2000000e+01  -3.4191979e+01  -3.0733338e+01
   2.3000000e+01  -3.4615040e+01  -2.9082126e+01
   2.4000000e+01  -3.5022924e+01  -2.7448741e+01
   2.5000000e+01  -3.5429845e+01  -2.5849631e+01
   2.6000000e+01  -3.5824795e+01  -2.4228909e+01
   2.7000000e+01  -3.6210853e+01  -2.2556064e+01
   2.8000000e+01  -3.6599244e+01  -2.0955311e+01
   2.9000000e+01  -3.7000944e+01  -1.9617092e+01
   3.0000000e+01  -3.7415599e+01  -1.8360718e+01
   3.1000000e+01  -3.7839791e+01  -1.7101339e+01
   3.2000000e+01  -3.8276126e+01  -1.6100479e+01
   3.3000000e+01  -3.8734360e+01  -1.5145489e+01
   3.4000000e+01  -3.9222661e+01  -1.4437898e+01
   3.5000000e+01  -3.9758395e+01  -1.4318505e+01
   3.6000000e+01  -4.0310894e+01  -1.4013758e+01
   3.7000000e+01  -4.0893348e+01  -1.3855283e+01
   3.8000000e+01  -4.1538308e+01  -1.4251814e+01
   3.9000000e+01  -4.2169051e+01  -1.4636489e+01
   4.0000000e+01  -4.2824523e+01  -1.5297386e+01
   4.1000000e+01  -4.3478850e+01  -1.5756811e+01
   4.2000000e+01  -4.4163543e+01  -1.7390623e+01
   4.3000000e+01  -4.4853108e+01  -1.8887448e+01
   4.4000000e+01  -4.5501830e+01  -1.9773336e+01
   4.5000000e+01  -4.6206494e+01  -2.1221680e+01
   4.6000000e+01  -4.6877391e+01  -2.2485773e+01
   4.7000000e+01  -4.7564333e+01  -2.3723001e+01
   4.8000000e+01  -4.8304479e+01  -2.5542772e+01
   4.9000000e+01  -4.9008928e+01  -2.7501952e+01
   5.0000000e+01  -4.9729266e+01  -2.9893182e+01
   5.1000000e+01  -5.0294840e+01  -3.2091468e+01
   5.2000000e+01  -5.0851896e+01  -3.5110423e+01
   5.3000000e+01  -5.1287643e+01  -3.8252699e+01
   5.4000000e+01  -5.1583780e+01  -4.1120745e+01
   5.5000000e+01  -5.1802417e+01  -4.3813175e+01
   5.6000000e+01  -5.1858551e+01  -4.5821319e+01
   5.7000000e+01  -5.1823996e+01  -4.6492174e+01
   5.8000000e+01  -5.1781492e+01  -4.6496708e+01
   5.9000000e+01  -5.1644479e+01  -4.5046616e+01
   6.0000000e+01  -5.1550047e+01  -4.3341881e+01
   6.1000000e+01  -5.1533872e+01  -4.1112593e+01
   6.2000000e+01  -5.1607029e+01  -3.8712616e+01
   6.3000000e+01  -5.1831887e+01  -3.5177583e+01
   6.4000000e+01  -5.2204849e+01  -3.1694067e+01
   6.5000000e+01  -5.2732312e+01  -2.8680612e+01
   6.6000000e+01  -5.3488678e+01  -2.5482551e+01
   6.7000000e+01  -5.4548012e+01  -2.2250500e+01
   6.8000000e+01  -5.5929636e+01  -1.9631138e+01
   6.9000000e+01  -5.7741743e+01  -1.8861340e+01
   7.0000000e+01  -6.0221935e+01  -2.0317831e+01
   7.1000000e+01  -6.3598728e+01  -3.0445526e+01
   7.2000000e+01  -6.6976035e+01  -6.1197330e+01
   7.3000000e+01  -6.5476752e+01  -1.0116231e+02
   7.4000000e+01  -6.1960470e+01  -1.1789076e+02
   7.5000000e+01  -5.9353051e+01  -1.2203310e+02
   7.6000000e+01  -5.7445840e+01  -1.2114555e+02
   7.7000000e+01  -5.6193598e+01  -1.1759891e+02
   7.8000000e+01  -5.5414970e+01  -1.1410964e+02
   7.9000000e+01  -5.5059476e+01  -1.0979505e+02
   8.0000000e+01  -5.4974533e+01  -1.0618750e+02
   8.1000000e+01  -5.5251977e+01  -1.0246699e+02
   8.2000000e+01  -5.5878260e+01  -1.0008158e+02
   8.3000000e+01  -5.6717813e+01  -9.8098703e+01
   8.4000000e+01  -5.7949947e+01  -9.6784300e+01
   8.5000000e+01  -5.9434623e+01  -9.8211494e+01
   8.6000000e+01  -6.1194020e+01  -1.0240909e+02
   8.7000000e+01  -6.3065868e+01  -1.1070506e+02
   8.8000000e+01  -6.4537147e+01  -1.2407407e+02
   8.9000000e+01  -6.4829650e+01  -1.4199307e+02
   9.0000000e+01  -6.4162329e+01  -1.5719920e+02
   9.1000000e+01  -6.3225674e+01  -1.6652387e+02
   9.2000000e+01  -6.2336335e+01  -1.7261720e+02
   9.3000000e+01  -6.2038150e+01  -1.7431991e+02
   9.4000000e+01  -6.2138450e+01  -1.7492007e+02
   9.5000000e+01  -6.2700162e+01  -1.7744353e+02
   9.6000000e+01  -6.3746051e+01   1.7875509e+02
   9.7000000e+01  -6.4961681e+01   1.7107766e+02
   9.8000000e+01  -6.5842463e+01   1.5937713e+02
   9.9000000e+01  -6.6047723e+01   1.4757651e+02
   1.0000000e+02  -6.5626140e+01   1.3835941e+02
   1.0100000e+02  -6.5311611e+01   1.3432395e+02
   1.0200000e+02  -6.5291818e+01   1.3331957e+02
   1.0300000e+02  -6.5952088e+01   1.3434650e+02
   1.0400000e+02  -6.7278860e+01   1.3695907e+02
   1.0500000e+02  -7.0236215e+01   1.3982902e+02
   1.0600000e+02  -7.5590254e+01   1.4459501e+02
   1.0700000e+02  -9.5411648e+01  -1.4537106e+02
   1.0800000e+02  -7.6130175e+01  -3.5672213e+01
   1.0900000e+02  -6.9893583e+01  -3.1445152e+01
   1.1000000e+02  -6.6623950e+01  -3.1725641e+01
   1.1100000e+02  -6.4400934e+01  -3.0968664e+01
   1.1200000e+02  -6.2837335e+01  -2.9263889e+01
   1.1300000e+02  -6.1704599e+01  -2.8263684e+01
   1.1400000e+02  -6.0811034e+01  -2.5965732e+01
   1.1500000e+02  -6.0096863e+01  -2.4036512e+01
   1.1600000e+02  -5.9682046e+01  -2.2255073e+01
   1.1700000e+02  -5.9639267e+01  -1.9327476e+01
   1.1800000e+02  -5.9943941e+01  -1.6581048e+01
   1.1900000e+02  -6.0618736e+01  -1.5067739e+01
   1.2000000e+02  -6.1717522e+01  -1.4938083e+01
   1.2100000e+02  -6.3048638e+01  -1.6069027e+01
   1.2200000e+02  -6.4674117e+01  -2.2004763e+01
   1.2300000e+02  -6.6508130e+01  -3.2590618e+01
   1.2400000e+02  -6.7796408e+01  -4.3155296e+01
   1.2500000e+02  -6.9071199e+01  -5.5814308e+01
   1.2600000e+02  -7.0123711e+01  -6.7600591e+01
   1.2700000e+02  -7.1666030e+01  -8.2373181e+01
   1.2800000e+02  -7.2396219e+01  -1.1061242e+02
   1.2900000e+02  -7.1788776e+01  -1.3784912e+02
   1.3000000e+02  -6.8927634e+01  -1.5746020e+02
   1.3100000e+02  -6.6356557e+01  -1.6737592e+02
   1.3200000e+02  -6.4429374e+01  -1.7174855e+02
   1.3300000e+02  -6.2761682e+01  -1.7312559e+02
   1.3400000e+02  -6.1693992e+01  -1.7314390e+02
   1.3500000e+02  -6.0914853e+01  -1.7275054e+02
   1.3600000e+02  -6.0392650e+01  -1.7226532e+02
   1.3700000e+02  -6.0056982e+01  -1.7199229e+02
   1.3800000e+02  -5.9846199e+01  -1.7253946e+02
   1.3900000e+02  -5.9696636e+01  -1.7283306e+02
   1.4000000e+02  -5.9547469e+01  -1.7278114e+02
   1.4100000e+02  -5.9408202e+01  -1.7278555e+02
   1.4200000e+02  -5.9367745e+01  -1.7274756e+02
   1.4300000e+02  -5.9540509e+01  -1.7242192e+02
   1.4400000e+02  -5.9771523e+01  -1.7304534e+02
   1.4500000e+02  -6.0067360e+01  -1.7397417e+02
   1.4600000e+02  -6.0582166e+01  -1.7611987e+02
   1.4700000e+02  -6.1202473e+01  -1.7938697e+02
   1.4800000e+02  -6.1883945e+01   1.7527611e+02
   1.4900000e+02  -6.2305986e+01   1.6922729e+02
   1.5000000e+02  -6.2594871e+01   1.6254439e+02
   1.5100000e+02  -6.2577005e+01   1.5583270e+02
   1.5200000e+02  -6.2255729e+01   1.4974682e+02
   1.5300000e+02  -6.1908071e+01   1.4568115e+02
   1.5400000e+02  -6.1871273e+01   1.4341540e+02
   1.5500000e+02  -6.1628167e+01   1.4128350e+02
   1.5600000e+02  -6.1931065e+01   1.4027082e+02
   1.5700000e+02  -6.2327151e+01   1.3922068e+02
   1.5800000e+02  -6.3046171e+01   1.3752749e+02
   1.5900000e+02  -6.4105657e+01   1.3555872e+02
   1.6000000e+02  -6.5385046e+01   1.3096600e+02
   1.6100000e+02  -6.6630093e+01   1.2581555e+02
   1.6200000e+02  -6.8418475e+01   1.1776044e+02
   1.6300000e+02  -7.0056773e+01   1.0813267e+02
   1.6400000e+02  -7.1920716e+01   9.1798945e+01
   1.6500000e+02  -7.3457589e+01   7.4964627e+01
   1.6600000e+02  -7.4401160e+01   4.9621856e+01
   1.6700000e+02  -7.4373805e+01   1.9661820e+01
   1.6800000e+02  -7.2924962e+01  -2.9632256e+00
   1.6900000e+02  -7.0477501e+01  -2.1072922e+01
   1.7000000e+02  -6.7923127e+01  -3.5475425e+01
   1.7100000e+02  -6.5601526e+01  -4.2828741e+01
   1.7200000e+02  -6.3794636e+01  -4.7877994e+01
   1.7300000e+02  -6.1973595e+01  -4.9973552e+01
   1.7400000e+02  -6.0701540e+01  -5.2297310e+01
   1.7500000e+02  -5.9564117e+01  -5.4200656e+01
   1.7600000e+02  -5.8758398e+01  -5.4554555e+01
   1.7700000e+02  -5.8058217e+01  -5.5258940e+01
   1.7800000e+02  -5.7678099e+01  -5.4703185e+01
   1.7900000e+02  -5.7569527e+01  -5.5444670e+01
