  -1.8000000e+02  -6.7841796e+01  -1.3531200e+02
  -1.7900000e+02  -6.7115779e+01  -1.3303470e+02
  -1.7800000e+02  -6.7123819e+01  -1.3185035e+02
  -1.7700000e+02  -6.6448853e+01  -1.3024193e+02
  -1.7600000e+02  -6.6350335e+01  -1.2887518e+02
  -1.7500000e+02  -6.6251576e+01  -1.2553424e+02
  -1.7400000e+02  -6.6083616e+01  -1.2404374e+02
  -1.7300000e+02  -6.6225154e+01  -1.2225320e+02
  -1.7200000e+02  -6.5963547e+01  -1.1994839e+02
  -1.7100000e+02  -6.5820729e+01  -1.1634004e+02
  -1.7000000e+02  -6.5897852e+01  -1.1351202e+02
  -1.6900000e+02  -6.5879850e+01  -1.1024148e+02
  -1.6800000e+02  -6.5544085e+01  -1.0603436e+02
  -1.6700000e+02  -6.5422868e+01  -1.0322361e+02
  -1.6600000e+02  -6.5277906e+01  -1.0047450e+02
  -1.6500000e+02  -6.4960291e+01  -9.9403611e+01
  -1.6400000e+02  -6.4841070e+01  -9.8711542e+01
  -1.6300000e+02  -6.5089652e+01  -9.8931462e+01
  -1.6200000e+02  -6.5136531e+01  -9.8973061e+01
  -1.6100000e+02  -6.5290661e+01  -9.8742585e+01
  -1.6000000e+02  -6.5888496e+01  -1.0077998e+02
  -1.5900000e+02  -6.6697442e+01  -1.0065470e+02
  -1.5800000e+02  -6.7630631e+01  -1.0214697e+02
  -1.5700000e+02  -6.8391731e+01  -1.0198749e+02
  -1.5600000e+02  -6.9267401e+01  -1.0343030e+02
  -1.5500000e+02  -7.0036077e+01  -1.0230726e+02
  -1.5400000e+02  -7.0175871e+01  -1.0538339e+02
  -1.5300000e+02  -6.9781712e+01  -1.0684477e+02
  -1.5200000e+02  -6.9392306e+01  -1.1112153e+02
  -1.5100000e+02  -6.8738110e+01  -1.1442439e+02
  -1.5000000e+02  -6.7782805e+01  -1.1876915e+02
  -1.4900000e+02  -6.7023144e+01  -1.2244005e+02
  -1.4800000e+02  -6.6222643e+01  -1.2851859e+02
  -1.4700000e+02  -6.5632784e+01  -1.3155677e+02
  -1.4600000e+02  -6.5400338e+01  -1.3621632e+02
  -1.4500000e+02  -6.4785566e+01  -1.3906835e+02
  -1.4400000e+02  -6.4529026e+01  -1.4000471e+02
  -1.4300000e+02  -6.4194009e+01  -1.4150342e+02
  -1.4200000e+02  -6.3804649e+01  -1.4102098e+02
  -1.4100000e+02  -6.3358262e+01  -1.3994207e+02
  -1.4000000e+02  -6.3049900e+01  -1.3779424e+02
  -1.3900000e+02  -6.2595127e+01  -1.3726148e+02
  -1.3800000e+02  -6.2497632e+01  -1.3791567e+02
  -1.3700000e+02  -6.2275383e+01  -1.3957715e+02
  -1.3600000e+02  -6.2313218e+01  -1.4210028e+02
  -1.3500000e+02  -6.2357002e+01  -1.4704926e+02
  -1.3400000e+02  -6.2522719e+01  -1.5200885e+02
  -1.3300000e+02  -6.2646710e+01  -1.5646282e+02
  -1.3200000e+02  -6.2784770e+01  -1.6079904e+02
  -1.3100000e+02  -6.3052653e+01  -1.6668646e+02
  -1.3000000e+02  -6.3205032e+01  -1.7450997e+02
  -1.2900000e+02  -6.3394661e+01   1.7706266e+02
  -1.2800000e+02  -6.3472125e+01   1.6534652e+02
  -1.2700000e+02  -6.3157093e+01   1.5217273e+02
  -1.2600000e+02  -6.2793605e+01   1.3835444e+02
  -1.2500000e+02  -6.1960888e+01   1.2605580e+02
  -1.2400000e+02  -6.1134467e+01   1.1457750e+02
  -1.2300000e+02  -6.0419354e+01   1.0511161e+02
  -1.2200000e+02  -5.9804594e+01   9.4785635e+01
  -1.2100000e+02  -5.9320040e+01   8.5515788e+01
  -1.2000000e+02  -5.9243888e+01   7.5258728e+01
  -1.1900000e+02  -5.9073704e+01   6.5506023e+01
  -1.1800000e+02  -5.9375801e+01   5.5694071e+01
  -1.1700000e+02  -5.9842738e+01   4.5330647e+01
  -1.1600000e+02  -6.0558663e+01   3.3443287e+01
  -1.1500000e+02  -6.1497795e+01   2.0466537e+01
  -1.1400000e+02  -6.2693348e+01   5.1341280e+00
  -1.1300000e+02  -6.3793948e+01  -1.4275365e+01
  -1.1200000e+02  -6.4386658e+01  -3.5656541e+01
  -1.1100000e+02  -6.4629387e+01  -5.8915977e+01
  -1.1000000e+02  -6.4287284e+01  -8.0924371e+01
  -1.0900000e+02  -6.3585294e+01  -1.0099582e+02
  -1.0800000e+02  -6.2789248e+01  -1.1729065e+02
  -1.0700000e+02  -6.2227959e+01  -1.3084869e+02
  -1.0600000e+02  -6.1683925e+01  -1.4229346e+02
  -1.0500000e+02  -6.1583972e+01  -1.5116709e+02
  -1.0400000e+02  -6.1737543e+01  -1.5819561e+02
  -1.0300000e+02  -6.2430016e+01  -1.6474972e+02
  -1.0200000e+02  -6.3620397e+01  -1.7003126e+02
  -1.0100000e+02  -6.5034769e+01  -1.7596596e+02
  -1.0000000e+02  -6.6695543e+01   1.7836903e+02
  -9.9000000e+01  -6.8305648e+01   1.7392924e+02
  -9.8000000e+01  -7.0231682e+01   1.7378607e+02
  -9.7000000e+01  -7.2097857e+01   1.7998362e+02
  -9.6000000e+01  -7.3398884e+01  -1.7509110e+02
  -9.5000000e+01  -7.3749684e+01  -1.7403848e+02
  -9.4000000e+01  -7.4157508e+01   1.7965372e+02
  -9.3000000e+01  -7.3906395e+01   1.6069549e+02
  -9.2000000e+01  -7.2343233e+01   1.3467335e+02
  -9.1000000e+01  -6.9366529e+01   1.0965764e+02
  -9.0000000e+01  -6.6574161e+01   9.0671417e+01
  -8.9000000e+01  -6.4350084e+01   7.5761183e+01
  -8.8000000e+01  -6.2694538e+01   6.1175317e+01
  -8.7000000e+01  -6.1517867e+01   4.7795320e+01
  -8.6000000e+01  -6.0551801e+01   3.4552773e+01
  -8.5000000e+01  -5.9884272e+01   2.3232767e+01
  -8.4000000e+01  -5.9559571e+01   9.8259954e+00
  -8.3000000e+01  -5.9563790e+01  -2.3059669e+00
  -8.2000000e+01  -5.9868933e+01  -1.4247263e+01
  -8.1000000e+01  -6.0395888e+01  -2.7498022e+01
  -8.0000000e+01  -6.1249122e+01  -3.9538037e+01
  -7.9000000e+01  -6.2693822e+01  -5.2558184e+01
  -7.8000000e+01  -6.4582255e+01  -6.6838570e+01
  -7.7000000e+01  -6.7341869e+01  -8.4959008e+01
  -7.6000000e+01  -7.1254545e+01  -1.0903583e+02
  -7.5000000e+01  -7.4630080e+01  -1.5743109e+02
  -7.4000000e+01  -7.3280758e+01   1.4881597e+02
  -7.3000000e+01  -6.9978369e+01   1.1533309e+02
  -7.2000000e+01  -6.7732140e+01   9.5011423e+01
  -7.1000000e+01  -6.6256717e+01   7.9557161e+01
  -7.0000000e+01  -6.5367570e+01   6.6547465e+01
  -6.9000000e+01  -6.5069996e+01   5.3931005e+01
  -6.8000000e+01  -6.5256018e+01   4.3263040e+01
  -6.7000000e+01  -6.5420440e+01   3.5355921e+01
  -6.6000000e+01  -6.6461722e+01   2.9083151e+01
  -6.5000000e+01  -6.7542133e+01   2.3702861e+01
  -6.4000000e+01  -6.8904563e+01   2.4894351e+01
  -6.3000000e+01  -7.0046262e+01   3.2074426e+01
  -6.2000000e+01  -6.9359667e+01   4.5131831e+01
  -6.1000000e+01  -6.7479319e+01   5.2596757e+01
  -6.0000000e+01  -6.5244503e+01   5.2956895e+01
  -5.9000000e+01  -6.3134444e+01   4.8162541e+01
  -5.8000000e+01  -6.1384004e+01   4.2019691e+01
  -5.7000000e+01  -5.9995825e+01   3.2962544e+01
  -5.6000000e+01  -5.8916496e+01   2.2659236e+01
  -5.5000000e+01  -5.8011578e+01   1.2190801e+01
  -5.4000000e+01  -5.7287268e+01   4.1948390e-01
  -5.3000000e+01  -5.6724836e+01  -1.1614462e+01
  -5.2000000e+01  -5.6293701e+01  -2.3510445e+01
  -5.1000000e+01  -5.6091731e+01  -3.5373817e+01
  -5.0000000e+01  -5.6049263e+01  -4.7566320e+01
  -4.9000000e+01  -5.6165089e+01  -5.9436060e+01
  -4.8000000e+01  -5.6470665e+01  -7.2183366e+01
  -4.7000000e+01  -5.6905611e+01  -8.5688691e+01
  -4.6000000e+01  -5.7348496e+01  -1.0021896e+02
  -4.5000000e+01  -5.7748770e+01  -1.1412892e+02
  -4.4000000e+01  -5.8142473e+01  -1.2784835e+02
  -4.3000000e+01  -5.8546856e+01  -1.4177229e+02
  -4.2000000e+01  -5.8872123e+01  -1.5393193e+02
  -4.1000000e+01  -5.9180154e+01  -1.6509129e+02
  -4.0000000e+01  -5.9572679e+01  -1.7396826e+02
  -3.9000000e+01  -5.9933085e+01   1.7733468e+02
  -3.8000000e+01  -6.0663666e+01   1.7137278e+02
  -3.7000000e+01  -6.1447086e+01   1.6614069e+02
  -3.6000000e+01  -6.2417599e+01   1.6366458e+02
  -3.5000000e+01  -6.3307583e+01   1.6313763e+02
  -3.4000000e+01  -6.4233059e+01   1.6524131e+02
  -3.3000000e+01  -6.5149027e+01   1.7024530e+02
  -3.2000000e+01  -6.5927767e+01   1.7578626e+02
  -3.1000000e+01  -6.5755913e+01  -1.7829684e+02
  -3.0000000e+01  -6.5713259e+01  -1.7514431e+02
  -2.9000000e+01  -6.5215147e+01  -1.7345200e+02
  -2.8000000e+01  -6.4684113e+01  -1.7350243e+02
  -2.7000000e+01  -6.4378059e+01  -1.7531943e+02
  -2.6000000e+01  -6.3901808e+01  -1.7959288e+02
  -2.5000000e+01  -6.3786393e+01   1.7518726e+02
  -2.4000000e+01  -6.3400867e+01   1.6893799e+02
  -2.3000000e+01  -6.3385959e+01   1.6252200e+02
  -2.2000000e+01  -6.3067643e+01   1.5429260e+02
  -2.1000000e+01  -6.2984220e+01   1.4636347e+02
  -2.0000000e+01  -6.2730084e+01   1.3903525e+02
  -1.9000000e+01  -6.2514861e+01   1.3043528e+02
  -1.8000000e+01  -6.2153215e+01   1.2371683e+02
  -1.7000000e+01  -6.1776043e+01   1.1729862e+02
  -1.6000000e+01  -6.1441968e+01   1.1139668e+02
  -1.5000000e+01  -6.1013670e+01   1.0723287e+02
  -1.4000000e+01  -6.0720860e+01   1.0390768e+02
  -1.3000000e+01  -6.0515349e+01   1.0132037e+02
  -1.2000000e+01  -6.0433061e+01   9.9988140e+01
  -1.1000000e+01  -6.0348541e+01   9.9514400e+01
  -1.0000000e+01  -6.0353270e+01   9.9884317e+01
  -9.0000000e+00  -6.0406654e+01   1.0059198e+02
  -8.0000000e+00  -6.0533973e+01   1.0274159e+02
  -7.0000000e+00  -6.0542428e+01   1.0460788e+02
  -6.0000000e+00  -6.0598510e+01   1.0744228e+02
  -5.0000000e+00  -6.0571855e+01   1.1122594e+02
  -4.0000000e+00  -6.0446214e+01   1.1458162e+02
  -3.0000000e+00  -6.0333197e+01   1.1709997e+02
  -2.0000000e+00  -6.0251561e+01   1.2009258e+02
  -1.0000000e+00  -6.0116828e+01   1.2311119e+02
   0.0000000e+00  -6.0031039e+01   1.2505251e+02
   1.0000000e+00  -5.9905990e+01   1.2722392e+02
   2.0000000e+00  -5.9798853e+01   1.2740023e+02
   3.0000000e+00  -5.9758139e+01   1.2761451e+02
   4.0000000e+00  -5.9847363e+01   1.2709489e+02
   5.0000000e+00  -5.9959487e+01   1.2550102e+02
   6.0000000e+00  -6.0049161e+01   1.2334312e+02
   7.0000000e+00  -6.0307652e+01   1.2026092e+02
   8.0000000e+00  -6.0356435e+01   1.1546739e+02
   9.0000000e+00  -6.0625143e+01   1.1086547e+02
   1.0000000e+01  -6.0762406e+01   1.0434252e+02
   1.1000000e+01  -6.0712723e+01   9.6915069e+01
   1.2000000e+01  -6.0629410e+01   8.9917726e+01
   1.3000000e+01  -6.0156840e+01   8.2442923e+01
   1.4000000e+01  -5.9838760e+01   7.6148089e+01
   1.5000000e+01  -5.9391965e+01   7.0946912e+01
   1.6000000e+01  -5.8913682e+01   6.6328387e+01
   1.7000000e+01  -5.8445952e+01   6.3243986e+01
   1.8000000e+01  -5.8088604e+01   6.0275114e+01
   1.9000000e+01  -5.7753361e+01   5.9223745e+01
   2.0000000e+01  -5.7514937e+01   5.8143847e+01
   2.1000000e+01  -5.7428432e+01   5.7719172e+01
   2.2000000e+01  -5.7441843e+01   5.8814299e+01
   2.3000000e+01  -5.7696556e+01   5.9441461e+01
   2.4000000e+01  -5.8003787e+01   6.1325032e+01
   2.5000000e+01  -5.8425130e+01   6.3449025e+01
   2.6000000e+01  -5.9189286e+01   6.6703068e+01
   2.7000000e+01  -5.9983547e+01   7.0165051e+01
   2.8000000e+01  -6.0925041e+01   7.5252952e+01
   2.9000000e+01  -6.2001162e+01   8.0674654e+01
   3.0000000e+01  -6.3240763e+01   8.8097106e+01
   3.1000000e+01  -6.4492662e+01   9.5436709e+01
   3.2000000e+01  -6.5800761e+01   1.0461807e+02
   3.3000000e+01  -6.6558392e+01   1.1451139e+02
   3.4000000e+01  -6.7365707e+01   1.1848646e+02
   3.5000000e+01  -6.7795461e+01   1.2236243e+02
   3.6000000e+01  -6.8219381e+01   1.1991495e+02
   3.7000000e+01  -6.8047730e+01   1.1296265e+02
   3.8000000e+01  -6.7414189e+01   1.0532337e+02
   3.9000000e+01  -6.6223433e+01   9.5698437e+01
   4.0000000e+01  -6.4797725e+01   9.1948120e+01
   4.1000000e+01  -6.3508154e+01   8.9389553e+01
   4.2000000e+01  -6.2169862e+01   8.8490632e+01
   4.3000000e+01  -6.0881959e+01   8.8386577e+01
   4.4000000e+01  -6.0104297e+01   9.0263727e+01
   4.5000000e+01  -5.9347577e+01   9.1737272e+01
   4.6000000e+01  -5.8954546e+01   9.3747467e+01
   4.7000000e+01  -5.8840785e+01   9.6222731e+01
   4.8000000e+01  -5.8814195e+01   9.9278605e+01
   4.9000000e+01  -5.8891565e+01   1.0329826e+02
   5.0000000e+01  -5.9216498e+01   1.0560159e+02
   5.1000000e+01  -5.9447610e+01   1.0917129e+02
   5.2000000e+01  -5.9908609e+01   1.1140224e+02
   5.3000000e+01  -6.0457186e+01   1.1485830e+02
   5.4000000e+01  -6.1190611e+01   1.1773424e+02
   5.5000000e+01  -6.1945604e+01   1.2137194e+02
   5.6000000e+01  -6.2911626e+01   1.2618286e+02
   5.7000000e+01  -6.4072485e+01   1.3331938e+02
   5.8000000e+01  -6.5313465e+01   1.4304297e+02
   5.9000000e+01  -6.6563204e+01   1.5542033e+02
   6.0000000e+01  -6.7922758e+01   1.7027123e+02
   6.1000000e+01  -6.8843770e+01  -1.7330930e+02
   6.2000000e+01  -6.9734661e+01  -1.5423054e+02
   6.3000000e+01  -7.0442429e+01  -1.3868321e+02
   6.4000000e+01  -7.0917216e+01  -1.2204782e+02
   6.5000000e+01  -7.2430933e+01  -1.1197373e+02
   6.6000000e+01  -7.4502426e+01  -1.0241993e+02
   6.7000000e+01  -7.9897772e+01  -9.6524587e+01
   6.8000000e+01  -9.3578988e+01  -1.7479540e+02
   6.9000000e+01  -7.8253344e+01   1.2221511e+02
   7.0000000e+01  -7.2559387e+01   1.2569817e+02
   7.1000000e+01  -6.8888310e+01   1.3344785e+02
   7.2000000e+01  -6.6466889e+01   1.3932814e+02
   7.3000000e+01  -6.4926112e+01   1.4765844e+02
   7.4000000e+01  -6.3728047e+01   1.5566983e+02
   7.5000000e+01  -6.3007554e+01   1.6419177e+02
   7.6000000e+01  -6.2840139e+01   1.7398080e+02
   7.7000000e+01  -6.2893878e+01  -1.7474355e+02
   7.8000000e+01  -6.3360204e+01  -1.6436301e+02
   7.9000000e+01  -6.4224064e+01  -1.5359129e+02
   8.0000000e+01  -6.5765495e+01  -1.4147172e+02
   8.1000000e+01  -6.8010605e+01  -1.2934210e+02
   8.2000000e+01  -7.0946339e+01  -1.1189913e+02
   8.3000000e+01  -7.4966458e+01  -8.4208486e+01
   8.4000000e+01  -7.9384796e+01  -4.3280649e+01
   8.5000000e+01  -7.9401223e+01   2.4809666e+01
   8.6000000e+01  -7.6613860e+01   6.3880438e+01
   8.7000000e+01  -7.4335499e+01   9.0597724e+01
   8.8000000e+01  -7.3075729e+01   1.0941949e+02
   8.9000000e+01  -7.2443119e+01   1.2632579e+02
   9.0000000e+01  -7.3016450e+01   1.4408637e+02
   9.1000000e+01  -7.3330837e+01   1.6547510e+02
   9.2000000e+01  -7.3422598e+01  -1.6653684e+02
   9.3000000e+01  -7.2763081e+01  -1.3508785e+02
   9.4000000e+01  -7.1679623e+01  -1.0834506e+02
   9.5000000e+01  -6.9990393e+01  -8.3021999e+01
   9.6000000e+01  -6.8442636e+01  -6.3952412e+01
   9.7000000e+01  -6.7193125e+01  -4.8570488e+01
   9.8000000e+01  -6.6549886e+01  -3.3149529e+01
   9.9000000e+01  -6.6245495e+01  -1.5344649e+01
   1.0000000e+02  -6.6387245e+01  -3.7931793e-01
   1.0100000e+02  -6.6714836e+01   1.6934885e+01
   1.0200000e+02  -6.7433327e+01   3.5621720e+01
   1.0300000e+02  -6.8349226e+01   5.4926725e+01
   1.0400000e+02  -6.9569549e+01   7.8182220e+01
   1.0500000e+02  -7.0401322e+01   1.0480885e+02
   1.0600000e+02  -7.0634753e+01   1.3125412e+02
   1.0700000e+02  -7.0814388e+01   1.5637000e+02
   1.0800000e+02  -7.0332649e+01   1.7934252e+02
   1.0900000e+02  -7.0060959e+01  -1.6266163e+02
   1.1000000e+02  -6.9942884e+01  -1.4804849e+02
   1.1100000e+02  -6.9939483e+01  -1.3397643e+02
   1.1200000e+02  -7.0213779e+01  -1.2118195e+02
   1.1300000e+02  -7.0713603e+01  -1.0803911e+02
   1.1400000e+02  -7.1442791e+01  -9.5242149e+01
   1.1500000e+02  -7.3371532e+01  -8.2007989e+01
   1.1600000e+02  -7.5649708e+01  -6.0476407e+01
   1.1700000e+02  -7.7321439e+01  -3.2084301e+01
   1.1800000e+02  -7.7948280e+01   6.0848224e+00
   1.1900000e+02  -7.6902276e+01   3.8650085e+01
   1.2000000e+02  -7.5509105e+01   6.2008347e+01
   1.2100000e+02  -7.4493523e+01   7.7459883e+01
   1.2200000e+02  -7.4314153e+01   8.5546943e+01
   1.2300000e+02  -7.4522603e+01   9.3427148e+01
   1.2400000e+02  -7.5056363e+01   9.7459014e+01
   1.2500000e+02  -7.6513460e+01   9.9049052e+01
   1.2600000e+02  -7.8599825e+01   9.9204397e+01
   1.2700000e+02  -8.1000700e+01   9.0463327e+01
   1.2800000e+02  -8.3510598e+01   7.5808027e+01
   1.2900000e+02  -8.6262487e+01   1.9273322e+01
   1.3000000e+02  -8.0300724e+01  -1.1875252e+01
   1.3100000e+02  -7.7172293e+01  -2.0216282e+01
   1.3200000e+02  -7.4591239e+01  -1.8645280e+01
   1.3300000e+02  -7.2388589e+01  -1.4529054e+01
   1.3400000e+02  -7.1545368e+01  -1.2030958e+01
   1.3500000e+02  -7.1026247e+01  -7.9424468e+00
   1.3600000e+02  -7.0537576e+01   2.7212718e-01
   1.3700000e+02  -7.0832442e+01   6.0941615e+00
   1.3800000e+02  -7.0912324e+01   1.2547053e+01
   1.3900000e+02  -7.1530735e+01   2.1006720e+01
   1.4000000e+02  -7.2249036e+01   2.7342538e+01
   1.4100000e+02  -7.3051515e+01   3.5475573e+01
   1.4200000e+02  -7.3292081e+01   4.3011379e+01
   1.4300000e+02  -7.4208721e+01   5.1455254e+01
   1.4400000e+02  -7.4451312e+01   5.7153612e+01
   1.4500000e+02  -7.4885820e+01   6.8654213e+01
   1.4600000e+02  -7.4324087e+01   8.3183144e+01
   1.4700000e+02  -7.3616449e+01   9.7958033e+01
   1.4800000e+02  -7.2873550e+01   1.1080556e+02
   1.4900000e+02  -7.2317276e+01   1.2080979e+02
   1.5000000e+02  -7.1299233e+01   1.2842504e+02
   1.5100000e+02  -7.0881063e+01   1.3602986e+02
   1.5200000e+02  -7.1268228e+01   1.4044792e+02
   1.5300000e+02  -7.1743823e+01   1.4067152e+02
   1.5400000e+02  -7.2596418e+01   1.3927693e+02
   1.5500000e+02  -7.3338179e+01   1.3047147e+02
   1.5600000e+02  -7.3529991e+01   1.2390975e+02
   1.5700000e+02  -7.3387393e+01   1.0693442e+02
   1.5800000e+02  -7.2236364e+01   1.0111629e+02
   1.5900000e+02  -7.1050592e+01   9.4427895e+01
   1.6000000e+02  -6.9727929e+01   9.2724948e+01
   1.6100000e+02  -6.8519462e+01   9.3143473e+01
   1.6200000e+02  -6.7913448e+01   9.4560099e+01
   1.6300000e+02  -6.7547680e+01   9.5677621e+01
   1.6400000e+02  -6.7177788e+01   9.9984743e+01
   1.6500000e+02  -6.7230024e+01   1.0367604e+02
   1.6600000e+02  -6.7685695e+01   1.0855855e+02
   1.6700000e+02  -6.8090463e+01   1.1214204e+02
   1.6800000e+02  -6.9033289e+01   1.1984899e+02
   1.6900000e+02  -6.9773965e+01   1.2656016e+02
   1.7000000e+02  -7.0914142e+01   1.3593350e+02
   1.7100000e+02  -7.1948060e+01   1.4689482e+02
   1.7200000e+02  -7.2993353e+01   1.5803462e+02
   1.7300000e+02  -7.3508545e+01   1.7522143e+02
   1.7400000e+02  -7.3204496e+01  -1.7084795e+02
   1.7500000e+02  -7.2394780e+01  -1.5873178e+02
   1.7600000e+02  -7.1539759e+01  -1.4745658e+02
   1.7700000e+02  -7.0349119e+01  -1.4274461e+02
   1.7800000e+02  -6.9347327e+01  -1.3889144e+02
   1.7900000e+02  -6.8477678e+01  -1.3548199e+02
