  -1.8000000e+02  -6.8148877e+01  -1.6206523e+02
  -1.7900000e+02  -6.7984404e+01  -1.7673577e+02
  -1.7800000e+02  -6.7346064e+01   1.7267815e+02
  -1.7700000e+02  -6.7003031e+01   1.6054155e+02
  -1.7600000e+02  -6.6722151e+01   1.4948074e+02
  -1.7500000e+02  -6.6417405e+01   1.3878912e+02
  -1.7400000e+02  -6.6415553e+01   1.2948779e+02
  -1.7300000e+02  -6.6291767e+01   1.1713730e+02
  -1.7200000e+02  -6.6650518e+01   1.0784873e+02
  -1.7100000e+02  -6.6920680e+01   9.5633158e+01
  -1.7000000e+02  -6.7515161e+01   8.3326796e+01
  -1.6900000e+02  -6.8242690e+01   7.0964018e+01
  -1.6800000e+02  -6.9170842e+01   5.7345186e+01
  -1.6700000e+02  -7.0242658e+01   4.2217076e+01
  -1.6600000e+02  -7.1753700e+01   2.5161874e+01
  -1.6500000e+02  -7.2725895e+01   3.7846409e+00
  -1.6400000e+02  -7.3741240e+01  -2.0469527e+01
  -1.6300000e+02  -7.3504143e+01  -4.7621212e+01
  -1.6200000e+02  -7.2799223e+01  -7.4158880e+01
  -1.6100000e+02  -7.1703373e+01  -9.2172536e+01
  -1.6000000e+02  -7.1125941e+01  -1.0773524e+02
  -1.5900000e+02  -7.0694108e+01  -1.2062022e+02
  -1.5800000e+02  -7.1089303e+01  -1.2983327e+02
  -1.5700000e+02  -7.1748812e+01  -1.4174813e+02
  -1.5600000e+02  -7.3161170e+01  -1.4995378e+02
  -1.5500000e+02  -7.5208408e+01  -1.5591954e+02
  -1.5400000e+02  -7.9064341e+01  -1.6501356e+02
  -1.5300000e+02  -8.9676151e+01   1.7879742e+02
  -1.5200000e+02  -8.8381561e+01   3.4016532e+00
  -1.5100000e+02  -8.1361836e+01   2.1176414e+00
  -1.5000000e+02  -7.6587658e+01  -6.0623216e+00
  -1.4900000e+02  -7.3882622e+01  -1.2236878e+01
  -1.4800000e+02  -7.2521253e+01  -1.6771105e+01
  -1.4700000e+02  -7.1438970e+01  -1.8754935e+01
  -1.4600000e+02  -7.1111254e+01  -2.2740287e+01
  -1.4500000e+02  -7.0573241e+01  -2.2067523e+01
  -1.4400000e+02  -7.0095779e+01  -1.9891559e+01
  -1.4300000e+02  -6.9610164e+01  -1.9870748e+01
  -1.4200000e+02  -6.9436398e+01  -2.0121865e+01
  -1.4100000e+02  -6.9297703e+01  -2.1507977e+01
  -1.4000000e+02  -6.9420971e+01  -2.4320545e+01
  -1.3900000e+02  -6.9560502e+01  -2.8073600e+01
  -1.3800000e+02  -7.0227155e+01  -3.1224774e+01
  -1.3700000e+02  -7.1340854e+01  -3.2646391e+01
  -1.3600000e+02  -7.3335457e+01  -3.6138222e+01
  -1.3500000e+02  -7.6572602e+01  -3.7300702e+01
  -1.3400000e+02  -8.0867222e+01  -4.6250831e+01
  -1.3300000e+02  -8.9398083e+01  -2.7129701e+01
  -1.3200000e+02  -8.8214966e+01   1.1133301e+02
  -1.3100000e+02  -8.0617742e+01   1.1686585e+02
  -1.3000000e+02  -7.7082340e+01   1.1645803e+02
  -1.2900000e+02  -7.4523562e+01   1.1485089e+02
  -1.2800000e+02  -7.2904035e+01   1.1470931e+02
  -1.2700000e+02  -7.1806086e+01   1.0966213e+02
  -1.2600000e+02  -7.0976197e+01   1.0819063e+02
  -1.2500000e+02  -7.0738277e+01   1.0378859e+02
  -1.2400000e+02  -7.0630071e+01   9.8188990e+01
  -1.2300000e+02  -7.1094243e+01   9.0760983e+01
  -1.2200000e+02  -7.2406671e+01   8.5212901e+01
  -1.2100000e+02  -7.3821567e+01   7.4232034e+01
  -1.2000000e+02  -7.5826311e+01   6.7839259e+01
  -1.1900000e+02  -7.9139576e+01   6.2196526e+01
  -1.1800000e+02  -8.3364561e+01   5.9133731e+01
  -1.1700000e+02  -9.3587414e+01   5.3026655e+01
  -1.1600000e+02  -9.2661506e+01  -1.3053926e+02
  -1.1500000e+02  -8.7571277e+01  -1.3206598e+02
  -1.1400000e+02  -8.4395925e+01  -1.4668057e+02
  -1.1300000e+02  -8.2827332e+01  -1.4170855e+02
  -1.1200000e+02  -8.2799743e+01  -1.4638751e+02
  -1.1100000e+02  -8.4495681e+01  -1.4363245e+02
  -1.1000000e+02  -8.3636943e+01  -1.5063644e+02
  -1.0900000e+02  -8.2977106e+01  -1.6108949e+02
  -1.0800000e+02  -8.2931893e+01  -1.6483210e+02
  -1.0700000e+02  -8.3024307e+01  -1.6439283e+02
  -1.0600000e+02  -8.3685304e+01  -1.5823210e+02
  -1.0500000e+02  -8.6163920e+01  -1.4841934e+02
  -1.0400000e+02  -8.4837781e+01  -1.3447108e+02
  -1.0300000e+02  -8.3586256e+01  -1.1771971e+02
  -1.0200000e+02  -8.0518057e+01  -1.2170947e+02
  -1.0100000e+02  -7.7726571e+01  -1.3079588e+02
  -1.0000000e+02  -7.5344994e+01  -1.4171474e+02
  -9.9000000e+01  -7.3094944e+01  -1.5134906e+02
  -9.8000000e+01  -7.1849260e+01  -1.6343046e+02
  -9.7000000e+01  -7.0725899e+01  -1.7537513e+02
  -9.6000000e+01  -6.9870765e+01   1.7212526e+02
  -9.5000000e+01  -6.9304753e+01   1.6250731e+02
  -9.4000000e+01  -6.8663899e+01   1.5158327e+02
  -9.3000000e+01  -6.8251595e+01   1.3942910e+02
  -9.2000000e+01  -6.8282379e+01   1.2848892e+02
  -9.1000000e+01  -6.8267773e+01   1.1504295e+02
  -9.0000000e+01  -6.8508959e+01   1.0112331e+02
  -8.9000000e+01  -6.9009777e+01   8.6177627e+01
  -8.8000000e+01  -6.9408450e+01   6.7039637e+01
  -8.7000000e+01  -6.9508981e+01   4.4590001e+01
  -8.6000000e+01  -6.9404579e+01   2.4767682e+01
  -8.5000000e+01  -6.8739273e+01   1.3146930e+00
  -8.4000000e+01  -6.8119610e+01  -1.9091888e+01
  -8.3000000e+01  -6.6838525e+01  -3.8203748e+01
  -8.2000000e+01  -6.6164606e+01  -5.4702907e+01
  -8.1000000e+01  -6.5513150e+01  -7.1681024e+01
  -8.0000000e+01  -6.4852421e+01  -8.5428953e+01
  -7.9000000e+01  -6.4492254e+01  -9.9980157e+01
  -7.8000000e+01  -6.4326357e+01  -1.1335834e+02
  -7.7000000e+01  -6.4190881e+01  -1.2655479e+02
  -7.6000000e+01  -6.4203601e+01  -1.4068321e+02
  -7.5000000e+01  -6.4547229e+01  -1.5511399e+02
  -7.4000000e+01  -6.4803587e+01  -1.6989423e+02
  -7.3000000e+01  -6.5429007e+01   1.7337949e+02
  -7.2000000e+01  -6.6014607e+01   1.5580834e+02
  -7.1000000e+01  -6.6751460e+01   1.4033238e+02
  -7.0000000e+01  -6.7107255e+01   1.2334956e+02
  -6.9000000e+01  -6.8026746e+01   1.0574613e+02
  -6.8000000e+01  -6.8838782e+01   9.0503840e+01
  -6.7000000e+01  -6.9758443e+01   7.7381949e+01
  -6.6000000e+01  -7.1530886e+01   6.5419416e+01
  -6.5000000e+01  -7.3580932e+01   5.1137234e+01
  -6.4000000e+01  -7.6832611e+01   4.4162659e+01
  -6.3000000e+01  -8.1104447e+01   4.2521360e+01
  -6.2000000e+01  -8.6342587e+01   8.8921062e+01
  -6.1000000e+01  -8.2157794e+01   1.2331400e+02
  -6.0000000e+01  -7.7781414e+01   1.3417109e+02
  -5.9000000e+01  -7.4876927e+01   1.3040851e+02
  -5.8000000e+01  -7.3171888e+01   1.1334511e+02
  -5.7000000e+01  -7.0992057e+01   9.8993852e+01
  -5.6000000e+01  -6.9699116e+01   8.4324759e+01
  -5.5000000e+01  -6.8707474e+01   6.5615505e+01
  -5.4000000e+01  -6.7284413e+01   5.0387079e+01
  -5.3000000e+01  -6.6417196e+01   3.6146797e+01
  -5.2000000e+01  -6.5343575e+01   2.2745363e+01
  -5.1000000e+01  -6.4721675e+01   7.7341011e+00
  -5.0000000e+01  -6.3386128e+01  -4.6174660e+00
  -4.9000000e+01  -6.2631847e+01  -1.5801062e+01
  -4.8000000e+01  -6.1980966e+01  -2.5716422e+01
  -4.7000000e+01  -6.1535695e+01  -3.3258611e+01
  -4.6000000e+01  -6.1331923e+01  -4.1892043e+01
  -4.5000000e+01  -6.1257383e+01  -4.9354234e+01
  -4.4000000e+01  -6.1372713e+01  -5.5706984e+01
  -4.3000000e+01  -6.1661272e+01  -6.1247068e+01
  -4.2000000e+01  -6.2117488e+01  -6.6733143e+01
  -4.1000000e+01  -6.2826004e+01  -7.0101219e+01
  -4.0000000e+01  -6.3427974e+01  -7.3213117e+01
  -3.9000000e+01  -6.4742808e+01  -7.1090181e+01
  -3.8000000e+01  -6.5977803e+01  -6.8617838e+01
  -3.7000000e+01  -6.7265255e+01  -5.9139409e+01
  -3.6000000e+01  -6.8351067e+01  -4.6512141e+01
  -3.5000000e+01  -6.8339572e+01  -3.3849516e+01
  -3.4000000e+01  -6.7977150e+01  -2.0045731e+01
  -3.3000000e+01  -6.6733831e+01  -1.0510343e+01
  -3.2000000e+01  -6.5824515e+01  -3.9575796e+00
  -3.1000000e+01  -6.4812837e+01  -1.3931637e+00
  -3.0000000e+01  -6.4018638e+01  -1.3317232e+00
  -2.9000000e+01  -6.3432567e+01  -1.5233666e+00
  -2.8000000e+01  -6.3115862e+01  -2.2297882e+00
  -2.7000000e+01  -6.2839576e+01  -2.5917834e+00
  -2.6000000e+01  -6.2615560e+01  -3.6721023e+00
  -2.5000000e+01  -6.2690271e+01  -4.8338841e+00
  -2.4000000e+01  -6.2706692e+01  -5.3170338e+00
  -2.3000000e+01  -6.2946326e+01  -6.3721952e+00
  -2.2000000e+01  -6.3120746e+01  -6.5444211e+00
  -2.1000000e+01  -6.3299845e+01  -8.1104781e+00
  -2.0000000e+01  -6.3374756e+01  -8.9724281e+00
  -1.9000000e+01  -6.3566618e+01  -9.7156285e+00
  -1.8000000e+01  -6.3619480e+01  -1.1732123e+01
  -1.7000000e+01  -6.3738359e+01  -1.3706216e+01
  -1.6000000e+01  -6.3910601e+01  -1.6872068e+01
  -1.5000000e+01  -6.3896123e+01  -1.9792058e+01
  -1.4000000e+01  -6.3733377e+01  -2.3761934e+01
  -1.3000000e+01  -6.3653559e+01  -2.7884299e+01
  -1.2000000e+01  -6.3513801e+01  -2.9835055e+01
  -1.1000000e+01  -6.3254024e+01  -3.2836328e+01
  -1.0000000e+01  -6.2694772e+01  -3.5438059e+01
  -9.0000000e+00  -6.2456867e+01  -3.9560622e+01
  -8.0000000e+00  -6.2078197e+01  -4.1797015e+01
  -7.0000000e+00  -6.1667793e+01  -4.4934167e+01
  -6.0000000e+00  -6.1369993e+01  -4.8438510e+01
  -5.0000000e+00  -6.0978195e+01  -5.0666285e+01
  -4.0000000e+00  -6.0649782e+01  -5.2757454e+01
  -3.0000000e+00  -6.0356278e+01  -5.4534729e+01
  -2.0000000e+00  -5.9934431e+01  -5.5565005e+01
  -1.0000000e+00  -5.9711775e+01  -5.7570253e+01
   0.0000000e+00  -5.9406259e+01  -5.8475583e+01
   1.0000000e+00  -5.9198052e+01  -5.8229689e+01
   2.0000000e+00  -5.9004294e+01  -5.9317956e+01
   3.0000000e+00  -5.8873213e+01  -5.9576367e+01
   4.0000000e+00  -5.8879175e+01  -6.0341642e+01
   5.0000000e+00  -5.8894787e+01  -5.9896248e+01
   6.0000000e+00  -5.8878350e+01  -5.9927124e+01
   7.0000000e+00  -5.9086654e+01  -5.9395306e+01
   8.0000000e+00  -5.9219273e+01  -5.8657974e+01
   9.0000000e+00  -5.9541014e+01  -5.7863571e+01
   1.0000000e+01  -5.9965214e+01  -5.6008202e+01
   1.1000000e+01  -6.0534042e+01  -5.4314115e+01
   1.2000000e+01  -6.1106167e+01  -5.2438268e+01
   1.3000000e+01  -6.1679605e+01  -5.0197720e+01
   1.4000000e+01  -6.2533511e+01  -4.7214233e+01
   1.5000000e+01  -6.3396082e+01  -4.2445447e+01
   1.6000000e+01  -6.4752147e+01  -3.7642079e+01
   1.7000000e+01  -6.6063121e+01  -2.9929578e+01
   1.8000000e+01  -6.8140622e+01  -2.0863326e+01
   1.9000000e+01  -7.0161773e+01  -6.9973649e+00
   2.0000000e+01  -7.2457317e+01   1.0629419e+01
   2.1000000e+01  -7.4122453e+01   4.2999092e+01
   2.2000000e+01  -7.3809263e+01   7.6850371e+01
   2.3000000e+01  -7.1924008e+01   1.0308480e+02
   2.4000000e+01  -7.0079149e+01   1.2446920e+02
   2.5000000e+01  -6.8442678e+01   1.3718117e+02
   2.6000000e+01  -6.7546754e+01   1.4827771e+02
   2.7000000e+01  -6.6365097e+01   1.5953531e+02
   2.8000000e+01  -6.5788988e+01   1.7129487e+02
   2.9000000e+01  -6.5386183e+01  -1.7782607e+02
   3.0000000e+01  -6.4712309e+01  -1.6594256e+02
   3.1000000e+01  -6.4346666e+01  -1.5292317e+02
   3.2000000e+01  -6.3900525e+01  -1.4096342e+02
   3.3000000e+01  -6.3709511e+01  -1.2888020e+02
   3.4000000e+01  -6.3444681e+01  -1.1693325e+02
   3.5000000e+01  -6.3475288e+01  -1.0506853e+02
   3.6000000e+01  -6.3487831e+01  -9.3358030e+01
   3.7000000e+01  -6.3333823e+01  -8.2773955e+01
   3.8000000e+01  -6.3325633e+01  -7.2788741e+01
   3.9000000e+01  -6.3750590e+01  -6.3945301e+01
   4.0000000e+01  -6.4226210e+01  -5.4997520e+01
   4.1000000e+01  -6.4794870e+01  -4.7182806e+01
   4.2000000e+01  -6.5676284e+01  -4.0504730e+01
   4.3000000e+01  -6.6551538e+01  -3.5370106e+01
   4.4000000e+01  -6.7522309e+01  -3.2471459e+01
   4.5000000e+01  -6.8438964e+01  -3.2179297e+01
   4.6000000e+01  -6.8760618e+01  -3.4457605e+01
   4.7000000e+01  -6.8099918e+01  -3.9274087e+01
   4.8000000e+01  -6.6959351e+01  -3.4162698e+01
   4.9000000e+01  -6.5006613e+01  -3.1126900e+01
   5.0000000e+01  -6.3726351e+01  -2.3501680e+01
   5.1000000e+01  -6.2308856e+01  -1.4868580e+01
   5.2000000e+01  -6.1171529e+01  -4.6838945e+00
   5.3000000e+01  -5.9659114e+01   7.6593424e+00
   5.4000000e+01  -5.8347703e+01   2.0418336e+01
   5.5000000e+01  -5.7014772e+01   3.2171721e+01
   5.6000000e+01  -5.6406128e+01   4.5757343e+01
   5.7000000e+01  -5.5733534e+01   5.8092886e+01
   5.8000000e+01  -5.5222378e+01   7.1418406e+01
   5.9000000e+01  -5.4932736e+01   8.4957679e+01
   6.0000000e+01  -5.4756976e+01   9.8879219e+01
   6.1000000e+01  -5.4648260e+01   1.1376176e+02
   6.2000000e+01  -5.4645797e+01   1.2880737e+02
   6.3000000e+01  -5.4808470e+01   1.4341540e+02
   6.4000000e+01  -5.5080812e+01   1.6002513e+02
   6.5000000e+01  -5.5417214e+01   1.7731944e+02
   6.6000000e+01  -5.5755738e+01  -1.6499452e+02
   6.7000000e+01  -5.5688506e+01  -1.4675655e+02
   6.8000000e+01  -5.6313452e+01  -1.2785796e+02
   6.9000000e+01  -5.6723932e+01  -1.0946454e+02
   7.0000000e+01  -5.7103477e+01  -9.0921199e+01
   7.1000000e+01  -5.7379807e+01  -7.3153035e+01
   7.2000000e+01  -5.7858266e+01  -5.6369515e+01
   7.3000000e+01  -5.8328702e+01  -4.0545601e+01
   7.4000000e+01  -5.9009773e+01  -2.8102740e+01
   7.5000000e+01  -6.0125759e+01  -1.4272987e+01
   7.6000000e+01  -6.1371486e+01  -1.7493506e+00
   7.7000000e+01  -6.3194292e+01   9.4748641e+00
   7.8000000e+01  -6.5370441e+01   1.6408706e+01
   7.9000000e+01  -6.7442846e+01   2.2310136e+01
   8.0000000e+01  -6.9422569e+01   1.2026464e+01
   8.1000000e+01  -6.9516706e+01  -4.2474699e+00
   8.2000000e+01  -6.7501245e+01  -1.2594182e+01
   8.3000000e+01  -6.5431667e+01  -9.4076549e+00
   8.4000000e+01  -6.3811829e+01  -3.8408082e-01
   8.5000000e+01  -6.2692465e+01   1.2031277e+01
   8.6000000e+01  -6.1907257e+01   2.5840678e+01
   8.7000000e+01  -6.1315538e+01   4.0432442e+01
   8.8000000e+01  -6.1573449e+01   6.0125685e+01
   8.9000000e+01  -6.0934675e+01   7.4106310e+01
   9.0000000e+01  -6.1291493e+01   9.3279127e+01
   9.1000000e+01  -6.1494672e+01   1.1168014e+02
   9.2000000e+01  -6.1673579e+01   1.2999697e+02
   9.3000000e+01  -6.1898714e+01   1.4922494e+02
   9.4000000e+01  -6.2038144e+01   1.6802732e+02
   9.5000000e+01  -6.2247472e+01  -1.7376670e+02
   9.6000000e+01  -6.2471288e+01  -1.5635693e+02
   9.7000000e+01  -6.2839103e+01  -1.3862840e+02
   9.8000000e+01  -6.3280399e+01  -1.2133866e+02
   9.9000000e+01  -6.4102385e+01  -1.0495492e+02
   1.0000000e+02  -6.5028727e+01  -8.7790608e+01
   1.0100000e+02  -6.6353857e+01  -7.1827642e+01
   1.0200000e+02  -6.8143895e+01  -5.6169475e+01
   1.0300000e+02  -7.2796187e+01  -3.4935282e+01
   1.0400000e+02  -7.8154048e+01  -2.0695136e+00
   1.0500000e+02  -8.1999287e+01   9.2150535e+01
   1.0600000e+02  -7.5630990e+01   1.5013992e+02
   1.0700000e+02  -7.0228473e+01   1.7249598e+02
   1.0800000e+02  -6.7105111e+01  -1.7314595e+02
   1.0900000e+02  -6.5203478e+01  -1.6072057e+02
   1.1000000e+02  -6.4090811e+01  -1.4861489e+02
   1.1100000e+02  -6.3407393e+01  -1.3746749e+02
   1.1200000e+02  -6.3117150e+01  -1.2630883e+02
   1.1300000e+02  -6.3178118e+01  -1.1713916e+02
   1.1400000e+02  -6.3787542e+01  -1.0726678e+02
   1.1500000e+02  -6.4561965e+01  -1.0018474e+02
   1.1600000e+02  -6.5736926e+01  -9.2979665e+01
   1.1700000e+02  -6.8614972e+01  -8.4441776e+01
   1.1800000e+02  -7.0986607e+01  -7.8374774e+01
   1.1900000e+02  -7.2698840e+01  -7.1151606e+01
   1.2000000e+02  -7.8245314e+01  -6.0961937e+01
   1.2100000e+02  -9.4216999e+01  -1.9734848e+01
   1.2200000e+02  -8.2163128e+01   1.1261194e+02
   1.2300000e+02  -7.5377212e+01   1.2897158e+02
   1.2400000e+02  -7.1832422e+01   1.3712279e+02
   1.2500000e+02  -7.0352970e+01   1.4713388e+02
   1.2600000e+02  -6.8922781e+01   1.5736654e+02
   1.2700000e+02  -6.8372926e+01   1.6904740e+02
   1.2800000e+02  -6.8267816e+01  -1.7891546e+02
   1.2900000e+02  -6.8677874e+01  -1.6456802e+02
   1.3000000e+02  -6.8849096e+01  -1.4821719e+02
   1.3100000e+02  -6.9248865e+01  -1.2742260e+02
   1.3200000e+02  -6.8923046e+01  -1.0783986e+02
   1.3300000e+02  -6.7910732e+01  -8.8309563e+01
   1.3400000e+02  -6.6702019e+01  -7.1615661e+01
   1.3500000e+02  -6.5353217e+01  -5.7220843e+01
   1.3600000e+02  -6.4213679e+01  -4.5930883e+01
   1.3700000e+02  -6.3246136e+01  -3.7182685e+01
   1.3800000e+02  -6.2315378e+01  -2.8275012e+01
   1.3900000e+02  -6.1559130e+01  -2.1401521e+01
   1.4000000e+02  -6.1044879e+01  -1.6186918e+01
   1.4100000e+02  -6.0517908e+01  -1.1249961e+01
   1.4200000e+02  -6.0251404e+01  -6.9335499e+00
   1.4300000e+02  -6.0013231e+01  -3.5265270e+00
   1.4400000e+02  -5.9978567e+01  -1.2357020e+00
   1.4500000e+02  -5.9923147e+01   1.3319038e+00
   1.4600000e+02  -6.0040531e+01   3.6494897e+00
   1.4700000e+02  -5.9981992e+01   5.4683667e+00
   1.4800000e+02  -6.0098057e+01   6.8267775e+00
   1.4900000e+02  -6.0085602e+01   8.6687989e+00
   1.5000000e+02  -6.0200306e+01   1.1373738e+01
   1.5100000e+02  -6.0293823e+01   1.3329179e+01
   1.5200000e+02  -6.0434177e+01   1.5064038e+01
   1.5300000e+02  -6.0589847e+01   1.6808575e+01
   1.5400000e+02  -6.0830901e+01   1.7899219e+01
   1.5500000e+02  -6.1172411e+01   1.8964720e+01
   1.5600000e+02  -6.1541487e+01   1.9956192e+01
   1.5700000e+02  -6.2076833e+01   1.9280422e+01
   1.5800000e+02  -6.2429778e+01   1.8276492e+01
   1.5900000e+02  -6.2984797e+01   1.6055762e+01
   1.6000000e+02  -6.3457988e+01   1.2491425e+01
   1.6100000e+02  -6.3923770e+01   7.1832828e+00
   1.6200000e+02  -6.4022891e+01   2.3030156e+00
   1.6300000e+02  -6.4303846e+01  -4.1407974e+00
   1.6400000e+02  -6.4340402e+01  -9.5458323e+00
   1.6500000e+02  -6.4342533e+01  -1.5429931e+01
   1.6600000e+02  -6.4493222e+01  -2.1486665e+01
   1.6700000e+02  -6.4451494e+01  -2.5798646e+01
   1.6800000e+02  -6.4631600e+01  -3.0332047e+01
   1.6900000e+02  -6.4913350e+01  -3.5789944e+01
   1.7000000e+02  -6.5286402e+01  -4.2010226e+01
   1.7100000e+02  -6.5931624e+01  -4.7417116e+01
   1.7200000e+02  -6.6545761e+01  -5.4587844e+01
   1.7300000e+02  -6.7423882e+01  -6.3671969e+01
   1.7400000e+02  -6.8180396e+01  -7.3573920e+01
   1.7500000e+02  -6.9059975e+01  -8.6688861e+01
   1.7600000e+02  -6.9557981e+01  -1.0114584e+02
   1.7700000e+02  -6.9858239e+01  -1.1912237e+02
   1.7800000e+02  -6.9744402e+01  -1.3788125e+02
   1.7900000e+02  -6.8648828e+01  -1.5204358e+02
