  -1.8000000e+02  -5.8227541e+01   1.3869445e+02
  -1.7900000e+02  -5.9325379e+01   1.3853625e+02
  -1.7800000e+02  -6.1374595e+01   1.3953317e+02
  -1.7700000e+02  -6.4535331e+01   1.4370340e+02
  -1.7600000e+02  -6.9766818e+01   1.6115814e+02
  -1.7500000e+02  -7.3677806e+01  -1.2432861e+02
  -1.7400000e+02  -6.7330074e+01  -8.4505459e+01
  -1.7300000e+02  -6.2588438e+01  -7.4497378e+01
  -1.7200000e+02  -6.0092423e+01  -7.1234347e+01
  -1.7100000e+02  -5.8439753e+01  -7.0362160e+01
  -1.7000000e+02  -5.7477109e+01  -6.8244369e+01
  -1.6900000e+02  -5.7070912e+01  -6.6514898e+01
  -1.6800000e+02  -5.7143298e+01  -6.3794040e+01
  -1.6700000e+02  -5.7571470e+01  -5.8857964e+01
  -1.6600000e+02  -5.8328641e+01  -4.9357817e+01
  -1.6500000e+02  -5.8885577e+01  -3.5770854e+01
  -1.6400000e+02  -5.8874791e+01  -1.8134029e+01
  -1.6300000e+02  -5.7868937e+01  -2.2148129e+00
  -1.6200000e+02  -5.6326658e+01   9.4934996e+00
  -1.6100000e+02  -5.4823599e+01   1.7459504e+01
  -1.6000000e+02  -5.3586672e+01   2.2240610e+01
  -1.5900000e+02  -5.2709446e+01   2.5458003e+01
  -1.5800000e+02  -5.2158608e+01   2.7762581e+01
  -1.5700000e+02  -5.1999514e+01   3.0323379e+01
  -1.5600000e+02  -5.2133204e+01   3.3250701e+01
  -1.5500000e+02  -5.2494822e+01   3.8272508e+01
  -1.5400000e+02  -5.2906334e+01   4.5499400e+01
  -1.5300000e+02  -5.3341136e+01   5.4803860e+01
  -1.5200000e+02  -5.3418773e+01   6.6179380e+01
  -1.5100000e+02  -5.3171212e+01   7.6418937e+01
  -1.5000000e+02  -5.2737747e+01   8.5036997e+01
  -1.4900000e+02  -5.2326918e+01   9.1864902e+01
  -1.4800000e+02  -5.2161690e+01   9.6377508e+01
  -1.4700000e+02  -5.2295576e+01   1.0164961e+02
  -1.4600000e+02  -5.2750875e+01   1.0698199e+02
  -1.4500000e+02  -5.3497533e+01   1.1344941e+02
  -1.4400000e+02  -5.4276908e+01   1.2298275e+02
  -1.4300000e+02  -5.4819556e+01   1.3547701e+02
  -1.4200000e+02  -5.4827795e+01   1.5202337e+02
  -1.4100000e+02  -5.4111862e+01   1.6811229e+02
  -1.4000000e+02  -5.3266839e+01   1.7883696e+02
  -1.3900000e+02  -5.2493275e+01  -1.7357778e+02
  -1.3800000e+02  -5.1989094e+01  -1.6822553e+02
  -1.3700000e+02  -5.1660462e+01  -1.6223449e+02
  -1.3600000e+02  -5.1475653e+01  -1.5555829e+02
  -1.3500000e+02  -5.1298707e+01  -1.4784282e+02
  -1.3400000e+02  -5.1140977e+01  -1.3995297e+02
  -1.3300000e+02  -5.0978797e+01  -1.3307768e+02
  -1.3200000e+02  -5.0914727e+01  -1.2727890e+02
  -1.3100000e+02  -5.1026287e+01  -1.2297103e+02
  -1.3000000e+02  -5.1380953e+01  -1.1850316e+02
  -1.2900000e+02  -5.2077704e+01  -1.1288192e+02
  -1.2800000e+02  -5.2987301e+01  -1.0507953e+02
  -1.2700000e+02  -5.4040500e+01  -9.3519432e+01
  -1.2600000e+02  -5.4747039e+01  -7.8383474e+01
  -1.2500000e+02  -5.4713643e+01  -6.1668869e+01
  -1.2400000e+02  -5.4043855e+01  -4.6486638e+01
  -1.2300000e+02  -5.3123911e+01  -3.5151797e+01
  -1.2200000e+02  -5.2171229e+01  -2.5841756e+01
  -1.2100000e+02  -5.1460185e+01  -1.7765593e+01
  -1.2000000e+02  -5.0934267e+01  -1.1974607e+01
  -1.1900000e+02  -5.0546030e+01  -6.5974696e+00
  -1.1800000e+02  -5.0283590e+01  -1.3140005e+00
  -1.1700000e+02  -5.0176583e+01   3.7099650e+00
  -1.1600000e+02  -5.0246930e+01   9.4374052e+00
  -1.1500000e+02  -5.0486437e+01   1.5560700e+01
  -1.1400000e+02  -5.0959232e+01   2.1988245e+01
  -1.1300000e+02  -5.1604527e+01   2.9352848e+01
  -1.1200000e+02  -5.2167480e+01   3.8700569e+01
  -1.1100000e+02  -5.2496531e+01   5.0935656e+01
  -1.1000000e+02  -5.2321723e+01   6.5405911e+01
  -1.0900000e+02  -5.1659162e+01   7.8901184e+01
  -1.0800000e+02  -5.0837936e+01   8.7785743e+01
  -1.0700000e+02  -5.0180422e+01   9.2941262e+01
  -1.0600000e+02  -4.9772529e+01   9.5990190e+01
  -1.0500000e+02  -4.9649760e+01   9.9171302e+01
  -1.0400000e+02  -4.9824204e+01   1.0378815e+02
  -1.0300000e+02  -5.0269692e+01   1.0871860e+02
  -1.0200000e+02  -5.0894295e+01   1.1488942e+02
  -1.0100000e+02  -5.1575407e+01   1.2283707e+02
  -1.0000000e+02  -5.2056954e+01   1.3264252e+02
  -9.9000000e+01  -5.2225631e+01   1.4433854e+02
  -9.8000000e+01  -5.1920341e+01   1.5732164e+02
  -9.7000000e+01  -5.1240020e+01   1.6940477e+02
  -9.6000000e+01  -5.0504057e+01   1.7820961e+02
  -9.5000000e+01  -4.9873866e+01  -1.7505913e+02
  -9.4000000e+01  -4.9379615e+01  -1.7059955e+02
  -9.3000000e+01  -4.9083343e+01  -1.6776679e+02
  -9.2000000e+01  -4.9013163e+01  -1.6406831e+02
  -9.1000000e+01  -4.9195462e+01  -1.5997620e+02
  -9.0000000e+01  -4.9540405e+01  -1.5580128e+02
  -8.9000000e+01  -4.9990395e+01  -1.5101771e+02
  -8.8000000e+01  -5.0406861e+01  -1.4457525e+02
  -8.7000000e+01  -5.0731384e+01  -1.3584420e+02
  -8.6000000e+01  -5.0756162e+01  -1.2583470e+02
  -8.5000000e+01  -5.0423969e+01  -1.1636263e+02
  -8.4000000e+01  -4.9921537e+01  -1.0908121e+02
  -8.3000000e+01  -4.9445014e+01  -1.0485251e+02
  -8.2000000e+01  -4.9027379e+01  -1.0264972e+02
  -8.1000000e+01  -4.8796977e+01  -1.0091414e+02
  -8.0000000e+01  -4.8754646e+01  -9.8603734e+01
  -7.9000000e+01  -4.8859761e+01  -9.5590265e+01
  -7.8000000e+01  -4.9070479e+01  -9.1908995e+01
  -7.7000000e+01  -4.9331313e+01  -8.9267396e+01
  -7.6000000e+01  -4.9585168e+01  -8.6080900e+01
  -7.5000000e+01  -4.9700703e+01  -8.2898330e+01
  -7.4000000e+01  -4.9714288e+01  -7.9023401e+01
  -7.3000000e+01  -4.9666872e+01  -7.6380836e+01
  -7.2000000e+01  -4.9492703e+01  -7.4168419e+01
  -7.1000000e+01  -4.9328046e+01  -7.3802921e+01
  -7.0000000e+01  -4.9121766e+01  -7.3680132e+01
  -6.9000000e+01  -4.8890537e+01  -7.2878759e+01
  -6.8000000e+01  -4.8678918e+01  -7.2090754e+01
  -6.7000000e+01  -4.8461461e+01  -7.2178116e+01
  -6.6000000e+01  -4.8203924e+01  -7.2848535e+01
  -6.5000000e+01  -4.7909390e+01  -7.3130035e+01
  -6.4000000e+01  -4.7543340e+01  -7.2161715e+01
  -6.3000000e+01  -4.7129515e+01  -7.1280708e+01
  -6.2000000e+01  -4.6606411e+01  -6.8936380e+01
  -6.1000000e+01  -4.5938776e+01  -6.5834424e+01
  -6.0000000e+01  -4.5247534e+01  -6.3308221e+01
  -5.9000000e+01  -4.4507788e+01  -6.1346149e+01
  -5.8000000e+01  -4.3767133e+01  -5.9341642e+01
  -5.7000000e+01  -4.3044360e+01  -5.7285939e+01
  -5.6000000e+01  -4.2318212e+01  -5.5124056e+01
  -5.5000000e+01  -4.1615001e+01  -5.2911246e+01
  -5.4000000e+01  -4.1010972e+01  -5.1186117e+01
  -5.3000000e+01  -4.0505815e+01  -5.0544958e+01
  -5.2000000e+01  -4.0025073e+01  -4.8696281e+01
  -5.1000000e+01  -3.9571495e+01  -4.5491767e+01
  -5.0000000e+01  -3.9140421e+01  -4.2005201e+01
  -4.9000000e+01  -3.8742214e+01  -3.8894030e+01
  -4.8000000e+01  -3.8429140e+01  -3.6554738e+01
  -4.7000000e+01  -3.8123944e+01  -3.4167391e+01
  -4.6000000e+01  -3.7843926e+01  -3.1820444e+01
  -4.5000000e+01  -3.7551334e+01  -2.9563010e+01
  -4.4000000e+01  -3.7230474e+01  -2.6380959e+01
  -4.3000000e+01  -3.6963049e+01  -2.3548026e+01
  -4.2000000e+01  -3.6708846e+01  -2.0782668e+01
  -4.1000000e+01  -3.6502485e+01  -1.8721122e+01
  -4.0000000e+01  -3.6328385e+01  -1.7441822e+01
  -3.9000000e+01  -3.6208025e+01  -1.5783569e+01
  -3.8000000e+01  -3.6116187e+01  -1.4000336e+01
  -3.7000000e+01  -3.6055268e+01  -1.2316130e+01
  -3.6000000e+01  -3.6027868e+01  -1.1086424e+01
  -3.5000000e+01  -3.6032722e+01  -1.0367051e+01
  -3.4000000e+01  -3.6065327e+01  -9.8267762e+00
  -3.3000000e+01  -3.6133883e+01  -9.7062800e+00
  -3.2000000e+01  -3.6206483e+01  -9.2351184e+00
  -3.1000000e+01  -3.6290772e+01  -9.4657609e+00
  -3.0000000e+01  -3.6365974e+01  -1.0320837e+01
  -2.9000000e+01  -3.6411250e+01  -1.1631672e+01
  -2.8000000e+01  -3.6432060e+01  -1.3610012e+01
  -2.7000000e+01  -3.6389497e+01  -1.6004557e+01
  -2.6000000e+01  -3.6291573e+01  -1.8894831e+01
  -2.5000000e+01  -3.6110205e+01  -2.1942353e+01
  -2.4000000e+01  -3.5824020e+01  -2.5366524e+01
  -2.3000000e+01  -3.5481178e+01  -2.8653837e+01
  -2.2000000e+01  -3.5029904e+01  -3.1974540e+01
  -2.1000000e+01  -3.4532115e+01  -3.4935951e+01
  -2.0000000e+01  -3.4006153e+01  -3.7566389e+01
  -1.9000000e+01  -3.3396212e+01  -3.9992685e+01
  -1.8000000e+01  -3.2784741e+01  -4.1966876e+01
  -1.7000000e+01  -3.2183612e+01  -4.3590760e+01
  -1.6000000e+01  -3.1584150e+01  -4.4994046e+01
  -1.5000000e+01  -3.1020430e+01  -4.6010527e+01
  -1.4000000e+01  -3.0477715e+01  -4.6862758e+01
  -1.3000000e+01  -2.9952971e+01  -4.7456513e+01
  -1.2000000e+01  -2.9444922e+01  -4.7836422e+01
  -1.1000000e+01  -2.8996870e+01  -4.8111513e+01
  -1.0000000e+01  -2.8596444e+01  -4.8261052e+01
  -9.0000000e+00  -2.8216086e+01  -4.8292483e+01
  -8.0000000e+00  -2.7891262e+01  -4.8259191e+01
  -7.0000000e+00  -2.7594974e+01  -4.8167430e+01
  -6.0000000e+00  -2.7339641e+01  -4.8058856e+01
  -5.0000000e+00  -2.7132829e+01  -4.7886299e+01
  -4.0000000e+00  -2.6965903e+01  -4.7685491e+01
  -3.0000000e+00  -2.6839618e+01  -4.7463238e+01
  -2.0000000e+00  -2.6745727e+01  -4.7119850e+01
  -1.0000000e+00  -2.6688432e+01  -4.6726629e+01
   0.0000000e+00  -2.6673906e+01  -4.6374261e+01
   1.0000000e+00  -2.6694339e+01  -4.5946922e+01
   2.0000000e+00  -2.6759093e+01  -4.5429611e+01
   3.0000000e+00  -2.6857615e+01  -4.4933236e+01
   4.0000000e+00  -2.6994588e+01  -4.4362712e+01
   5.0000000e+00  -2.7170099e+01  -4.3670048e+01
   6.0000000e+00  -2.7390742e+01  -4.3042337e+01
   7.0000000e+00  -2.7650440e+01  -4.2245605e+01
   8.0000000e+00  -2.7944377e+01  -4.1397584e+01
   9.0000000e+00  -2.8279876e+01  -4.0502402e+01
   1.0000000e+01  -2.8644345e+01  -3.9393086e+01
   1.1000000e+01  -2.9065572e+01  -3.8277964e+01
   1.2000000e+01  -2.9499371e+01  -3.6918823e+01
   1.3000000e+01  -2.9990373e+01  -3.5390420e+01
   1.4000000e+01  -3.0495883e+01  -3.3543351e+01
   1.5000000e+01  -3.1017437e+01  -3.1335891e+01
   1.6000000e+01  -3.1549218e+01  -2.8918236e+01
   1.7000000e+01  -3.2075871e+01  -2.6035746e+01
   1.8000000e+01  -3.2645394e+01  -2.2923175e+01
   1.9000000e+01  -3.3219639e+01  -1.9470808e+01
   2.0000000e+01  -3.3736007e+01  -1.5635209e+01
   2.1000000e+01  -3.4221909e+01  -1.1411437e+01
   2.2000000e+01  -3.4644591e+01  -6.9889802e+00
   2.3000000e+01  -3.4983700e+01  -2.4651522e+00
   2.4000000e+01  -3.5235851e+01   1.9826590e+00
   2.5000000e+01  -3.5417964e+01   6.2172465e+00
   2.6000000e+01  -3.5532587e+01   1.0198684e+01
   2.7000000e+01  -3.5584661e+01   1.3695384e+01
   2.8000000e+01  -3.5600671e+01   1.6769981e+01
   2.9000000e+01  -3.5586635e+01   1.9366878e+01
   3.0000000e+01  -3.5571646e+01   2.1486751e+01
   3.1000000e+01  -3.5567645e+01   2.2759720e+01
   3.2000000e+01  -3.5592328e+01   2.3983781e+01
   3.3000000e+01  -3.5646061e+01   2.5046710e+01
   3.4000000e+01  -3.5737445e+01   2.5879264e+01
   3.5000000e+01  -3.5891147e+01   2.6217617e+01
   3.6000000e+01  -3.6093069e+01   2.5943259e+01
   3.7000000e+01  -3.6375597e+01   2.5154311e+01
   3.8000000e+01  -3.6714391e+01   2.4021458e+01
   3.9000000e+01  -3.7118237e+01   2.2173612e+01
   4.0000000e+01  -3.7548459e+01   2.0083901e+01
   4.1000000e+01  -3.8028220e+01   1.7429908e+01
   4.2000000e+01  -3.8486254e+01   1.3947648e+01
   4.3000000e+01  -3.8935149e+01   8.9635517e+00
   4.4000000e+01  -3.9293933e+01   3.7747835e+00
   4.5000000e+01  -3.9538939e+01  -1.9265295e+00
   4.6000000e+01  -3.9651647e+01  -7.2227623e+00
   4.7000000e+01  -3.9663596e+01  -1.0951820e+01
   4.8000000e+01  -3.9645198e+01  -1.4102826e+01
   4.9000000e+01  -3.9593339e+01  -1.7080851e+01
   5.0000000e+01  -3.9600148e+01  -1.9128932e+01
   5.1000000e+01  -3.9679799e+01  -2.0252687e+01
   5.2000000e+01  -3.9880156e+01  -2.0402916e+01
   5.3000000e+01  -4.0231150e+01  -1.9879624e+01
   5.4000000e+01  -4.0696136e+01  -1.8628559e+01
   5.5000000e+01  -4.1324527e+01  -1.7032305e+01
   5.6000000e+01  -4.2147097e+01  -1.5945993e+01
   5.7000000e+01  -4.3161827e+01  -1.5227612e+01
   5.8000000e+01  -4.4324462e+01  -1.4712164e+01
   5.9000000e+01  -4.5573818e+01  -1.4307737e+01
   6.0000000e+01  -4.6811222e+01  -1.5020350e+01
   6.1000000e+01  -4.8125797e+01  -1.7459550e+01
   6.2000000e+01  -4.9279186e+01  -2.1065079e+01
   6.3000000e+01  -5.0238315e+01  -2.5267941e+01
   6.4000000e+01  -5.0878858e+01  -2.8840927e+01
   6.5000000e+01  -5.1325686e+01  -3.0387065e+01
   6.6000000e+01  -5.1601038e+01  -3.0801534e+01
   6.7000000e+01  -5.1928321e+01  -2.9397569e+01
   6.8000000e+01  -5.2345452e+01  -2.7894267e+01
   6.9000000e+01  -5.2904138e+01  -2.6286298e+01
   7.0000000e+01  -5.3544168e+01  -2.5276109e+01
   7.1000000e+01  -5.4384168e+01  -2.5345877e+01
   7.2000000e+01  -5.5410008e+01  -2.7236216e+01
   7.3000000e+01  -5.6165192e+01  -3.4047917e+01
   7.4000000e+01  -5.6347069e+01  -4.6838484e+01
   7.5000000e+01  -5.5554098e+01  -6.0243166e+01
   7.6000000e+01  -5.3973988e+01  -7.0532811e+01
   7.7000000e+01  -5.2328982e+01  -7.4934032e+01
   7.8000000e+01  -5.0923549e+01  -7.5723652e+01
   7.9000000e+01  -4.9737827e+01  -7.4930435e+01
   8.0000000e+01  -4.8866354e+01  -7.3086098e+01
   8.1000000e+01  -4.8287028e+01  -7.1036073e+01
   8.2000000e+01  -4.8056801e+01  -6.9216717e+01
   8.3000000e+01  -4.8157147e+01  -6.7669643e+01
   8.4000000e+01  -4.8570766e+01  -6.6680377e+01
   8.5000000e+01  -4.9255216e+01  -6.6854686e+01
   8.6000000e+01  -5.0182376e+01  -6.9641103e+01
   8.7000000e+01  -5.1258296e+01  -7.5887897e+01
   8.8000000e+01  -5.2238857e+01  -8.7824587e+01
   8.9000000e+01  -5.2544005e+01  -1.0144132e+02
   9.0000000e+01  -5.2221490e+01  -1.1308041e+02
   9.1000000e+01  -5.1556910e+01  -1.2176379e+02
   9.2000000e+01  -5.0832088e+01  -1.2840782e+02
   9.3000000e+01  -5.0312097e+01  -1.3303931e+02
   9.4000000e+01  -5.0112665e+01  -1.3647223e+02
   9.5000000e+01  -5.0240660e+01  -1.3904628e+02
   9.6000000e+01  -5.0669648e+01  -1.4180542e+02
   9.7000000e+01  -5.1440598e+01  -1.4562841e+02
   9.8000000e+01  -5.2410417e+01  -1.5237633e+02
   9.9000000e+01  -5.3580303e+01  -1.6330613e+02
   1.0000000e+02  -5.4396615e+01  -1.7812168e+02
   1.0100000e+02  -5.4443554e+01   1.6511685e+02
   1.0200000e+02  -5.3743529e+01   1.5036182e+02
   1.0300000e+02  -5.2611056e+01   1.3944805e+02
   1.0400000e+02  -5.1477299e+01   1.3215717e+02
   1.0500000e+02  -5.0554673e+01   1.2640188e+02
   1.0600000e+02  -4.9938387e+01   1.2219570e+02
   1.0700000e+02  -4.9655415e+01   1.1938892e+02
   1.0800000e+02  -4.9690879e+01   1.1728737e+02
   1.0900000e+02  -5.0019905e+01   1.1527000e+02
   1.1000000e+02  -5.0617596e+01   1.1210931e+02
   1.1100000e+02  -5.1461745e+01   1.0644956e+02
   1.1200000e+02  -5.2491393e+01   9.9490948e+01
   1.1300000e+02  -5.3630246e+01   9.0300068e+01
   1.1400000e+02  -5.4755932e+01   7.9541740e+01
   1.1500000e+02  -5.5621202e+01   6.6132446e+01
   1.1600000e+02  -5.6082698e+01   5.0210043e+01
   1.1700000e+02  -5.6015949e+01   3.2417870e+01
   1.1800000e+02  -5.5523156e+01   1.6353187e+01
   1.1900000e+02  -5.4869952e+01   4.1112024e+00
   1.2000000e+02  -5.4283143e+01  -5.1229225e+00
   1.2100000e+02  -5.3848191e+01  -1.3444901e+01
   1.2200000e+02  -5.3470887e+01  -2.1790889e+01
   1.2300000e+02  -5.3205861e+01  -3.1165248e+01
   1.2400000e+02  -5.2722088e+01  -4.1162703e+01
   1.2500000e+02  -5.2322211e+01  -5.0684942e+01
   1.2600000e+02  -5.1935160e+01  -5.8596744e+01
   1.2700000e+02  -5.1568971e+01  -6.4993360e+01
   1.2800000e+02  -5.1290926e+01  -7.0540302e+01
   1.2900000e+02  -5.1203342e+01  -7.5777560e+01
   1.3000000e+02  -5.1218090e+01  -8.2255955e+01
   1.3100000e+02  -5.1420342e+01  -8.9155634e+01
   1.3200000e+02  -5.1706422e+01  -9.5665279e+01
   1.3300000e+02  -5.2008536e+01  -1.0280730e+02
   1.3400000e+02  -5.2199891e+01  -1.1029545e+02
   1.3500000e+02  -5.2409792e+01  -1.1778868e+02
   1.3600000e+02  -5.2578858e+01  -1.2501877e+02
   1.3700000e+02  -5.2915461e+01  -1.3066557e+02
   1.3800000e+02  -5.3453095e+01  -1.3641500e+02
   1.3900000e+02  -5.4275193e+01  -1.4183523e+02
   1.4000000e+02  -5.5332340e+01  -1.4871457e+02
   1.4100000e+02  -5.6680502e+01  -1.6013540e+02
   1.4200000e+02  -5.8033769e+01  -1.7577186e+02
   1.4300000e+02  -5.8829980e+01   1.6602679e+02
   1.4400000e+02  -5.8888813e+01   1.4816007e+02
   1.4500000e+02  -5.8610437e+01   1.3347585e+02
   1.4600000e+02  -5.8481126e+01   1.2064636e+02
   1.4700000e+02  -5.8285769e+01   1.0733959e+02
   1.4800000e+02  -5.8207704e+01   9.3913060e+01
   1.4900000e+02  -5.7999856e+01   7.8681745e+01
   1.5000000e+02  -5.7451808e+01   6.5941572e+01
   1.5100000e+02  -5.6638724e+01   5.3778364e+01
   1.5200000e+02  -5.5724070e+01   4.4544693e+01
   1.5300000e+02  -5.4878917e+01   3.7015793e+01
   1.5400000e+02  -5.4358414e+01   3.1675471e+01
   1.5500000e+02  -5.4089846e+01   2.6529400e+01
   1.5600000e+02  -5.4101515e+01   2.1424841e+01
   1.5700000e+02  -5.4430500e+01   1.6641239e+01
   1.5800000e+02  -5.4902326e+01   1.0345536e+01
   1.5900000e+02  -5.5519152e+01   2.2576430e+00
   1.6000000e+02  -5.5984733e+01  -7.7389972e+00
   1.6100000e+02  -5.6266428e+01  -2.0029128e+01
   1.6200000e+02  -5.6216937e+01  -3.2036523e+01
   1.6300000e+02  -5.5968972e+01  -4.2024821e+01
   1.6400000e+02  -5.5772805e+01  -4.9629538e+01
   1.6500000e+02  -5.5682808e+01  -5.5236278e+01
   1.6600000e+02  -5.5886802e+01  -6.0362651e+01
   1.6700000e+02  -5.6435748e+01  -6.4431870e+01
   1.6800000e+02  -5.7423447e+01  -6.9346412e+01
   1.6900000e+02  -5.8829467e+01  -7.4635639e+01
   1.7000000e+02  -6.0873148e+01  -8.3026500e+01
   1.7100000e+02  -6.3588912e+01  -9.9338573e+01
   1.7200000e+02  -6.5933888e+01  -1.3003770e+02
   1.7300000e+02  -6.5282025e+01  -1.6782827e+02
   1.7400000e+02  -6.2669972e+01   1.6920317e+02
   1.7500000e+02  -6.0510792e+01   1.5780732e+02
   1.7600000e+02  -5.8937185e+01   1.5079802e+02
   1.7700000e+02  -5.8057108e+01   1.4647043e+02
   1.7800000e+02  -5.7561334e+01   1.4315008e+02
   1.7900000e+02  -5.7602102e+01   1.4117583e+02
